0.75831
1.2805
1.5151
1.2124
0.97923
2.1024
1.1001
0.97349
1.4152
1.4102
1.1473
0.93821
0.79117
1.4403
1.369
1.2775
1.3233
1.1213
0.93836
1.3076
0.99266
0.39145
0.86338
0.23727
1.2379
1.1086
1.2497
2.3522
1.4182
1.4225
0.92836
2.0867
0.89807
1.1458
0.44779
0.83582
0.91917
0.71374
0.61805
1.3901
0.85637
0.82115
0.6388
0.71084
0.80468
1.1076
0.84749
0.80603
0.9858
0.60015
0.52955
1.0591
0.69263
1.0586
1.043
0.75854
1.0715
1.2125
1.1202
0.9069
0.72767
0.89874
0.85486
1.2609
0.92223
1.2578
0.80158
2.4103
1.1556
0.70525
2.3699
1.451
1.6433
1.7353
1.5628
1.3141
0.94737
1.4847
1.4271
1.48
1.0169
1.6247
0.86041
1.5786
1.0376
1.1001
0.77904
1.3932
1.2672
0.78191
1.2216
0.62528
1.0929
0.94917
1.5968
1.2671
1.3116
0.48665
1.215
1.1657
0.63756
0.64629
0.76207
1.0377
0.70295
0.7175
0.60763
0.75868
1.3318
0.7551
1.1119
0.77009
1.2395
1.2183
2.1601
1.1499
1.3933
0.52586
0.49023
1.3836
1.1453
1.1006
1.1023
1.0715
0.67559
1.1134
0.53604
0.77752
1.1188
1.4045
0.88929
0.92886
1.0089
0.64672
0.74869
1.2531
1.0608
1.3021
0.85447
1.3297
1.3325
0.49392
1.2161
1.1755
1.2319
1.2242
1.2199
1.1612
1.4089
0.85168
0.92007
1.031
0.5593
0.26266
0.37812
0.30593
0.18216
0.61065
0.53469
0.22867
0.30733
0.2207
0.39547
0.45244
0.23702
0.28279
0.27129
0.18604
0.65375
0.40933
0.52277
0.24773
0.29954
0.37968
0.39414
0.38194
0.41506
0.42685
0.34885
0.37555
0.36895
0.33573
0.38098
0.31305
0.3207
0.26147
0.59492
0.39624
0.20611
0.42302
0.43462
0.37421
0.28769
0.24249
0.20001
0.24165
0.29065
0.62713
0.20759
0.31505
0.33909
0.50889
0.40934
0.34649
0.49464
0.45117
0.4955
0.46179
0.24071
0.48313
0.39203
0.45437
0.39751
0.44531
0.39894
0.44709
0.36304
0.38461
0.32642
0.17932
0.34959
0.31585
0.21247
0.34841
0.53118
0.56832
0.42892
0.4092
0.42528
0.38606
0.47463
0.38125
0.0040566
0.38615
0.51367
0.33363
0.4225
0.58525
0.65037
0.52122
0.43518
0.35968
0.51896
0.47912
0.51881
0.32399
0.41701
0.43274
0.42021
0.54669
0.4764
0.4307
0.64663
0.41285
0.44613
0.46919
0.45581
0.37852
0.43893
0.45559
0.39221
0.50876
0.47629
0.36458
0.37323
0.47384
0.47788
0.50446
0.56189
0.45373
0.50418
0.45431
0.57867
0.51834
0.51939
0.60687
0.48107
0.56905
0.47969
0.51383
0.54919
0.46102
0.47702
0.44599
0.4681
0.39384
0.24921
0.53716
0.54276
0.51975
0.50707
0.50164
0.51111
0.41249
0.32563
0.43112
0.47249
0.29457
0.46734
0.19329
0.23032
0.31667
0.59066
0.53259
0.60832
0.67955
0.58473
0.57554
0.45658
0.0040566
0.63739
0.0040566
0.54376
0.53806
0.62653
0.551
0.48698
0.0040566
0.48685
0.47432
0.4558
0.43599
0.5201
0.39613
0.47428
0.41219
0.26783
0.56491
0.83811
0.64146
0.57363
0.672
0.6072
0.53465
0.27956
0.29084
0.75682
0.73641
0.83617
1.6609
0.16325
0.29932
0.31378
0.27725
0.46834
0.38226
0.42807
1.7082
0.18429
0.22803
0.72612
0.23903
0.10064
0.75544
0.78618
0.0040566
0.74481
0.67528
0.33353
1.6718
0.39649
0.15284
0.33588
0.6763
0.40895
0.68369
0.34484
0.32242
0.3087
0.27448
0.31295
0.30462
0.55339
0.22659
0.25984
0.30757
0.49074
0.26273
0.73414
0.74529
0.32161
0.37652
0.52779
0.27084
0.34581
0.21833
0.17286
0.31318
0.24998
0.21375
0.24841
0.11485
0.34852
0.73554
0.48742
0.21911
0.21325
0.32568
0.34171
0.4083
0.19765
0.4996
0.23158
0.42173
0.29848
0.23003
0.46568
0.26218
0.47636
0.87266
0.25398
0.48513
0.50551
0.36165
0.38286
0.37921
0.26219
0.31109
0.30458
0.32206
0.83669
0.30731
0.35312
0.32706
0.26957
0.4597
0.39889
0.61138
0.59013
0.45891
0.35073
0.40725
0.5873
0.44212
0.22043
0.23004
0.54122
0.34249
0.27463
0.23233
0.2846
0.28529
0.31707
0.43294
0.50062
0.28068
0.43398
0.37704
0.32014
0.51486
0.16245
0.51256
0.43148
0.79873
0.33319
0.26797
0.35213
0.27311
0.54842
0.19995
0.45656
0.31273
0.32868
0.27126
0.44828
0.22526
0.37055
0.30517
0.33497
0.30518
0.23836
0.37772
0.33207
0.4911
0.50089
0.32548
0.30826
0.30023
0.52655
0.17277
0.29218
0.30413
0.58561
0.39683
0.33474
0.55377
0.52186
0.36558
0.61098
0.57171
0.17132
0.67792
0.59958
0.35063
0.63304
0.5149
1.0125
0.098717
0.53745
0.18238
0.33199
0.2234
0.3043
0.50012
0.28479
0.33515
0.45521
0.81119
0.1822
0.50454
0.40743
0.45243
0.26204
0.26035
0.32747
0.55217
0.2645
0.26728
0.29859
0.28787
0.44727
0.443
0.37756
0.16441
0.66004
0.40278
0.45991
0.66402
0.44738
0.81114
0.30502
0.96732
0.71672
0.23162
1.0341
0.5284
0.37073
0.26421
0.271
0.31123
0.41653
0.35828
0.27239
0.28629
0.47108
1.0453
0.85279
0.4944
0.41065
0.58928
0.26519
0.35977
0.48684
0.87893
0.80387
0.39321
0.54061
0.94014
0.72756
1.0343
1.8531
1.1681
0.99515
0.96182
0.92971
2.0109
2.1553
0.98371
1.0747
1.1526
1.1491
2.3518
1.2517
1.0521
0.99589
1.1054
1.104
1.2425
1.3341
1.017
1.2101
1.3048
1.2729
1.1833
1.2133
0.79313
1.9523
0.92446
0.72119
0.78534
1.0181
0.80265
0.80817
1.0981
1.0857
1.0746
1.0107
1.894
0.48653
0.95152
2.2587
2.1972
0.94055
0.87931
0.52241
0.46191
1.9628
0.85543
1.9013
1.8711
1.8352
1.6994
0.96853
0.20208
0.56184
0.90528
0.56497
0.94812
0.85731
0.90428
0.54178
0.4417
0.8457
1.0869
0.46916
0.79993
0.36154
0.4216
0.57285
0.49755
0.61873
0.44009
0.55171
1.3243
1.8323
1.0866
0.8856
0.96979
0.90036
0.58125
0.9787
0.57047
1.1004
0.34663
0.94692
1.7248
0.84943
1.9051
0.93738
0.76221
0.88249
0.44087
0.5816
0.563
0.93753
0.9967
0.96116
1.6024
1.0196
0.89824
0.84777
0.91031
0.48048
0.86689
1.7145
0.86876
1.132
0.53563
1.5626
0.48704
0.73372
1.9449
1.7435
0.82466
0.7555
2.0804
1.8349
1.7163
1.8979
1.1362
1.7756
0.91372
1.8216
1.7477
1.7926
1.8116
0.94376
0.93582
0.96264
0.99568
0.59213
0.5103
0.50235
0.94641
0.26045
0.68925
1.8039
1.9002
1.8054
1.9443
0.71929
0.92009
1.9683
1.0232
0.95429
2.0506
1.0217
1.0159
0.55506
0.97005
1.0251
1.0434
0.96329
0.69164
2.0542
1.0438
1.837
1.0071
1.0222
0.59389
0.52806
0.94234
0.78686
0.80508
0.52874
0.51202
0.9104
0.46353
0.45313
0.62349
0.58808
0.69166
0.567
0.83239
0.59806
0.59514
1.892
1.8099
0.81356
1.7107
1.8493
0.75531
0.80042
0.83517
0.8463
1.9797
0.93169
0.99063
0.89826
0.62417
1.1474
1.969
1.8066
1.9489
0.88646
1.8302
0.7851
0.46819
0.66593
2.0237
0.46006
0.92655
0.93554
0.95176
1.1588
0.9933
0.67615
0.58968
0.63088
0.42117
0.76696
1.758
1.0667
1.1289
0.9665
1.8596
2.1157
1.9816
1.03
1.2337
1.9233
1.8307
1.7551
1.7321
0.83756
2.0598
1.876
0.92309
1.8711
1.8974
1.6809
1.8595
1.8423
1.9125
1.8949
1.822
1.7403
1.6927
0.74769
1.812
0.87601
1.9145
1.8332
1.8362
0.69008
1.7861
1.707
1.8767
1.8142
1.7158
1.8857
1.755
1.7492
0.89888
1.9558
1.7652
0.94406
1.8047
1.875
1.8816
0.84298
0.92571
1.9557
1.9428
0.93097
1.6921
1.8243
1.7792
0.94038
0.84312
1.8937
1.9462
1.0059
1.8217
1.8329
1.7576
1.9024
1.8007
1.8412
2.0372
1.991
2.1723
2.2482
2.0957
1.882
1.9666
1.0144
1.9775
1.8263
0.94105
0.94575
1.9405
2.1361
1.8862
2.0871
1.0333
1.8945
1.019
1.9791
0.82093
0.9892
2.1311
2.196
1.166
1.9907
0.92858
2.1808
2.0723
2.0173
1.8166
1.8849
1.8318
2.0113
1.9638
1.0011
1.0168
0.98452
0.92103
1.0192
1.0508
0.92225
1.8869
0.84393
1.9898
1.9322
0.93026
0.97186
1.0001
0.94773
0.83803
0.83505
1.9254
0.85444
1.7291
0.86032
0.94442
0.93859
0.87725
0.98475
0.96282
0.9983
0.95103
1.8593
1.0337
1.8061
0.86818
0.93992
1.2183
1.2639
1.2907
2.3703
2.1564
2.1523
2.0715
1.1166
1.7873
1.1089
1.0731
2.0185
1.0273
1.0081
0.94907
1.0099
0.9282
0.9998
0.93431
1.8712
1.9225
2.0229
2.1737
1.0132
2.156
1.8204
2.1597
2.1893
2.0558
2.1391
0.74138
0.69316
2.2829
1.3743
1.1821
1.0825
1.8536
2.0909
2.2598
2.3768
2.2178
2.0636
1.0434
2.3036
1.1265
2.1561
1.1323
1.8195
2.1639
1.9567
1.9784
2.1017
1.8168
1.9019
1.1828
2.013
0.9105
1.9126
1.8241
0.82743
1.7987
1.8432
1.7627
1.8458
2.0086
1.9142
2.0483
2.0858
2.0281
1.8192
1.8375
1.9152
1.8609
1.8856
1.054
1.8316
1.9213
0.90036
1.9604
1.7703
1.8473
1.728
1.8893
1.7592
2.1315
2.3948
2.1739
1.9107
1.8996
2.0035
0.95406
1.7174
0.93858
1.8447
1.9478
1.7646
0.52148
1.9279
0.64908
1.0253
0.97495
1.8381
1.3327
0.89469
0.72049
0.85488
0.728
0.87198
0.74888
0.80894
0.84151
0.86329
0.85435
0.85644
1.1142
0.88953
0.75109
0.78198
0.75187
0.66901
0.81521
0.82107
0.56554
0.64576
0.72395
0.96971
0.64956
0.77433
0.57773
0.41457
0.31608
0.40438
0.37278
0.44357
0.80256
0.5683
0.83327
0.67781
0.89765
0.84025
0.89979
0.72005
0.6298
0.85387
0.68314
0.60459
0.59994
0.74195
0.63199
0.71372
0.70853
0.70178
0.63641
0.58754
0.63209
0.71925
0.83408
0.61041
0.70101
0.69852
0.62131
0.83516
0.80987
0.88019
0.74942
0.74286
0.89043
1.0449
0.78511
0.77512
0.63909
0.60618
0.53398
0.55298
0.75055
0.76192
0.82415
0.67942
0.50066
0.48012
0.80446
0.46257
0.44238
0.57331
0.66405
0.77762
0.67453
0.73096
0.46818
0.52119
0.55187
0.72209
0.58592
0.52079
0.70051
0.58275
0.53444
0.7104
0.86124
0.86336
0.68253
0.64287
0.87039
0.7439
0.73185
0.87291
0.71196
0.72728
0.72481
0.78229
0.71169
0.66234
0.85986
1.36
0.8488
0.83716
0.78704
1.3856
0.9398
0.80689
0.78833
0.87528
0.8771
0.83941
0.88036
0.79064
0.84465
0.84874
0.63714
0.7304
0.73949
1.0682
0.78806
0.844
0.93974
0.91617
0.82708
1.0489
1.0418
1.0231
1.2108
0.97821
0.87592
0.97377
0.7883
1.1196
0.89544
0.85848
0.89487
1.0075
0.87974
0.74251
1.0134
0.80718
1.0552
1.2013
0.74274
0.69091
0.71439
1.1142
0.9014
0.98056
1.2552
0.82109
0.96411
0.84313
0.82855
0.7369
0.91671
0.86999
0.77589
0.90885
0.81385
1.2504
0.68597
0.7849
1.0122
1.0717
0.87466
0.9986
0.98966
1.0042
1.0539
0.86259
0.98434
0.9467
0.90507
1.2617
1.1215
1.0575
1.1345
1.1239
1.0233
0.86663
0.83626
1.0346
0.90586
0.88602
0.91641
0.74857
0.90138
0.91767
0.88913
0.97716
1.0156
0.96275
0.62867
0.91343
1.0005
0.88683
0.96333
0.96532
0.81165
0.78377
0.94995
0.99053
0.93418
0.55034
0.98255
0.92994
0.7998
0.96217
1.0847
0.87898
1.0148
0.96899
1.072
1.3697
0.74221
0.83469
0.91094
1.0869
0.97568
0.98038
0.89176
0.65314
0.89949
0.95039
0.60482
0.49473
0.78693
0.38805
0.60154
0.60367
0.37455
0.42174
0.36505
0.74802
0.40407
0.35778
0.5541
0.69478
0.48531
0.66304
0.6096
0.6462
0.35318
0.36834
0.56556
0.34186
0.30326
0.60645
0.44191
0.37759
0.41092
0.38014
0.27536
0.3062
0.3897
0.23804
0.39927
0.46408
0.34624
0.94215
0.44526
0.42763
0.29489
0.4914
0.43579
0.30571
0.47599
0.33913
0.43657
0.77634
0.60108
0.5423
0.60232
0.46145
0.50649
0.35466
0.40153
0.3653
0.38181
0.34546
0.55568
0.56723
0.35393
0.48691
0.26798
0.29789
0.37044
0.33582
0.52534
0.60251
0.41285
0.39424
0.68166
0.34997
0.39986
0.35271
0.30837
0.58911
0.49433
0.46233
0.44129
0.26816
0.35129
0.66019
0.56853
0.34939
0.56308
0.43883
0.3795
0.54438
0.50537
0.71814
0.66112
0.62938
1.073
0.51246
0.4072
0.65775
0.67854
0.50544
0.64572
0.659
0.70882
1.0303
0.68909
1.1081
1.0178
1.237
0.62813
0.60025
0.61013
0.74096
0.85074
0.94777
0.58464
0.73273
0.68468
0.67797
1.0826
0.66644
0.62076
0.6205
0.55553
0.3844
0.45646
0.89641
0.46522
0.29359
0.44413
0.50415
0.40555
0.32426
0.36867
0.3763
0.60131
0.3363
0.63828
0.54809
0.91528
0.58619
0.79903
0.58602
0.35056
0.1834
0.31364
0.41882
0.74662
0.46317
0.48702
0.35922
0.61272
0.53475
0.55406
0.54091
0.58171
0.52438
0.56256
0.37808
0.68954
0.4939
0.42252
0.97198
0.5413
0.57498
0.57719
0.96096
0.59931
0.3746
0.32128
0.39507
0.51846
0.55908
0.65401
0.40123
0.58042
0.41358
0.64129
0.35902
0.31906
0.33392
0.71792
0.59608
1.0181
0.66249
0.53581
0.52786
0.61544
0.55956
0.62703
0.68599
0.59585
0.87654
0.64212
1.2303
1.2856
1.1315
1.2113
1.212
1.2494
0.70302
1.275
1.2851
2.2316
0.76049
1.2778
0.45321
0.46904
1.0984
1.2668
0.83373
1.3888
0.82089
0.85723
0.84161
0.79858
1.1423
1.0148
0.98338
0.91142
0.89935
0.34712
0.4583
0.87149
0.85688
2.0131
0.91842
1.0001
0.79148
0.91677
0.79775
1.7527
0.71575
0.69956
0.77146
1.7993
1.7551
0.72499
0.81609
0.77911
0.85536
1.8605
0.98182
0.6197
1.0167
1.0011
0.93946
1.0596
0.88494
0.97731
1.0489
1.0012
0.8991
2.0101
0.98415
1.9333
0.59303
0.69305
1.116
0.7117
1.0886
1.0531
0.64436
0.75298
1.0982
0.70835
0.72289
0.68787
1.1478
1.0492
0.46089
1.166
0.70659
1.1227
1.1717
1.0659
1.0486
0.62962
1.042
1.0061
0.61172
0.67966
0.84853
1.2068
0.93681
1.0726
1.3762
0.68878
0.82807
0.91477
0.91204
1.3592
1.1993
0.84551
1.3484
1.4701
1.4324
0.26568
1.3793
0.99286
0.91578
0.68207
1.5351
0.96549
1.3053
0.94332
0.88675
0.83727
0.97258
1.1983
0.76412
1.1195
0.57192
0.94228
1.1987
1.1835
0.88291
0.87537
0.60034
0.74154
0.48015
0.72258
1.1629
0.72354
1.162
0.6621
1.1247
1.1484
1.1649
1.2113
0.71307
1.1227
0.73304
1.1374
1.2434
1.0718
2.0347
1.0075
2.2323
0.80208
0.57325
1.3998
0.72403
0.96181
0.69871
1.1092
1.2482
2.4674
1.2791
1.3809
1.2941
1.287
0.61271
1.2396
0.97681
0.92284
2.0135
1.0751
1.1173
0.87506
0.85624
0.95918
1.9042
0.46148
2.0015
1.1123
1.0769
1.2051
0.66801
1.2743
0.75068
0.5123
1.1102
1.2632
1.3678
0.25505
0.85374
0.68181
1.6529
0.089553
0.63983
1.6035
0.55177
1.499
0.55005
1.465
0.65666
0.51998
0.64352
1.4903
1.6553
1.7601
1.8483
0.75144
1.7895
2.0076
2.0674
1.0492
2.0881
2.1294
1.044
1.9341
0.8284
1.9883
2.0457
1.0345
0.97683
2.0482
0.76252
2.0254
0.4756
0.66624
1.3819
1.6921
1.6488
1.7641
1.688
0.84259
0.74832
0.79269
1.8458
1.8498
1.7079
1.6651
1.8057
0.73222
0.59852
1.6443
1.7546
1.7057
0.6921
0.68925
0.65194
1.8548
1.6073
1.7407
1.9049
0.77583
1.5873
1.6985
1.9002
1.6819
0.80785
1.9321
2.0731
1.0656
1.1993
2.0041
2.0024
2.0446
0.9584
0.99926
0.65644
1.9123
2.0141
1.0185
1.9882
2.0431
1.0313
1.303
1.1638
2.2556
1.324
1.6024
1.1199
2.2554
1.18
1.2895
2.4662
0.97271
1.1239
2.1422
0.94041
2.0031
0.47075
0.9896
0.99
2.0555
2.1516
2.0193
1.0771
2.2978
1.0561
2.1165
1.1021
1.1869
0.51878
1.0233
1.9524
2.1093
2.0511
2.039
2.209
2.0372
0.9519
2.0618
1.0512
1.5019
1.1586
2.0359
1.0461
2.0864
1.9959
2.0162
2.0499
2.0667
2.0533
1.983
0.56398
2.0825
1.9944
1.8707
1.9847
1.8346
1.9442
1.9258
1.8918
2.0298
0.856
0.56577
0.98193
2.2113
1.5366
0.46925
0.51456
1.4691
0.37097
1.4175
1.1328
1.7666
1.7548
1.6065
1.3886
0.53998
0.01267
0.59856
1.4241
1.5817
1.5174
1.1182
1.4494
0.62791
0.62264
0.55399
0.55589
0.65359
1.6518
1.6403
0.71308
0.75624
1.1941
1.6488
1.7599
0.77312
0.76813
1.7759
1.7145
0.79409
1.7667
1.7288
0.6845
0.98239
0.74079
0.60735
0.67736
0.71755
0.39878
0.81264
1.8088
0.26601
0.73347
0.82521
1.0245
0.74431
0.84494
1.8161
1.8299
1.7949
1.9121
0.31956
0.82916
0.84852
1.8135
1.12
0.89737
1.888
1.8315
1.8826
1.8588
1.6949
1.8121
1.8058
1.8232
1.7736
0.98805
1.5334
1.6278
1.5658
0.60563
1.7634
1.6399
0.55211
1.5601
0.51224
1.6191
1.5068
1.4558
1.5176
1.4673
1.6559
1.6849
1.6656
1.6605
1.7497
1.8083
1.6201
1.4853
1.3841
1.6784
1.674
1.5278
1.5583
1.5407
1.6271
1.7595
1.6397
1.64
1.7984
1.3183
1.8187
1.7226
1.5712
1.5738
1.6633
1.5167
1.5237
1.7622
1.6365
1.6176
1.3967
1.69
1.474
1.5903
1.5312
1.5024
0.59735
1.5684
1.5905
1.4956
1.5178
1.2923
1.4838
1.4837
1.4792
1.4614
1.5447
1.4508
1.4254
1.7159
1.7215
1.6414
1.3918
1.6012
1.558
1.6094
1.5505
1.1288
1.1765
1.223
1.2657
1.5859
1.7794
1.3716
1.6709
1.7031
1.3799
1.2948
0.27203
1.3026
1.4888
1.3523
0.69867
1.5737
1.4191
1.5801
1.5747
1.5023
1.5286
1.455
1.5121
1.4219
1.4418
1.3675
1.4911
1.5038
1.5214
1.5141
1.435
1.4054
1.4382
1.4249
1.5732
1.5273
1.6268
1.7111
1.4678
1.6618
1.6282
1.8006
1.8131
1.4321
1.5547
1.5902
1.6035
1.5219
1.5386
1.6678
1.2625
1.4591
1.3688
1.515
1.6029
1.5181
1.5568
1.5923
1.3924
1.4534
1.5622
1.2325
1.6995
1.6889
1.6578
1.6219
1.509
1.1626
1.1633
1.4369
1.147
1.1467
1.1427
1.5482
1.5461
1.7542
1.6548
1.6026
1.5397
1.5923
1.7307
1.6806
1.5927
1.1361
1.6509
1.5281
1.5266
1.5366
1.4746
1.4433
1.4858
1.5771
1.5999
1.623
1.2503
1.2633
1.3968
1.6575
1.6844
1.6945
1.6458
1.5608
1.518
1.6935
1.8503
1.344
1.6911
1.5801
1.4069
1.631
1.5269
1.2901
1.4248
1.4928
1.523
1.6477
1.3478
1.7951
1.6958
1.488
1.5966
1.6254
1.4257
1.8042
1.4618
1.5069
1.9351
1.3683
0.1286
0.097901
0.17473
0.13911
0.086836
0.71256
1.6785
1.9067
2.0815
1.9317
1.6198
1.7262
1.793
1.6407
1.6216
1.6235
0.084707
0.21155
0.10734
3.2519e-05
0.7611
1.5292
0.35939
0.031083
0.033867
0.1799
1.9624
1.663
1.6549
1.7401
1.4669
1.4699
1.6562
1.3829
1.2248
1.1863
1.2026
1.2379
1.2491
1.5797
1.5499
1.4879
1.6151
1.4841
1.521
1.6342
1.5176
1.3865
1.632
1.6007
1.3652
1.2036
1.2058
1.2034
1.8238
1.8355
1.6078
1.7945
1.6514
1.6179
0.71999
1.3333
1.7306
1.7141
1.6561
1.5226
1.6049
1.8394
1.7302
1.8782
1.8696
1.8249
1.2541
1.8425
1.846
1.8802
1.8655
1.9751
2.0039
2.0812
1.7897
1.8133
1.6756
1.2937
1.77
1.7382
1.6059
1.7185
1.8073
1.6928
1.6176
1.7766
1.6925
1.708
0.45895
1.639
1.6235
1.6512
1.4977
1.3566
1.6471
1.5318
1.5992
1.4903
1.6372
1.3177
0.82249
1.3672
0.99816
1.1407
2.0422
0.73843
1.1702
0.7918
1.0881
1.0123
1.2345
0.96241
1.3678
1.2845
1.4754
0.70649
0.946
1.131
1.3296
0.72689
2.022
0.80939
1.4416
1.2556
1.36
1.2381
1.4912
1.5013
1.23
0.85673
0.64612
0.88767
1.2925
1.3238
1.3105
0.84514
0.63649
0.85607
1.6385
0.61757
0.66316
0.99258
1.2036
1.0298
1.2565
2.0426
2.1953
1.1003
1.0157
0.97179
1.2221
1.0481
2.0985
1.0346
1.0621
1.2199
1.2036
1.2364
1.0088
0.9486
2.1715
2
0.33318
1.4629
1.3159
1.4511
0.41045
1.5448
1.5601
1.451
1.5312
1.7569
1.5612
0.90311
0.9256
0.63308
1.3024
0.58018
1.4426
1.5797
1.6121
1.5935
1.6395
1.5972
0.77567
1.8645
1.9673
0.66194
0.79019
1.667
1.6057
0.62848
0.76536
0.31576
0.86369
1.1419
1.3448
1.4973
1.2834
2.0595
2.4312
2.2801
1.0866
1.4427
1.3997
1.4283
1.3996
2.2312
1.4201
1.4075
0.49972
2.1062
2.3319
1.3955
0.97785
0.98383
0.8256
0.85313
1.0233
0.85976
1.1203
1.6532
2.3274
1.5427
1.0669
1.5256
1.4998
1.5401
1.6409
1.6248
1.6732
1.2804
1.3002
1.1499
0.95058
0.95173
1.0285
1.0288
1.0898
1.5544
1.5079
1.1181
1.5389
1.4754
2.1162
1.4672
1.437
1.6759
1.0818
2.3055
2.2839
2.1001
1.2258
1.7272
0.66281
0.93999
0.86367
0.50842
0.60125
0.50926
1.5395
1.5598
1.534
1.5023
1.4313
1.8918
1.3447
1.3678
1.4376
0.65413
0.60569
1.5883
0.77185
2.2464
2.1454
2.2084
2.1474
0.92199
2.0763
0.5495
2.15
2.0807
1.8165
1.5765
0.86915
1.7517
0.79302
2.0731
0.79652
0.86815
1.6339
0.93598
2.0808
2.185
0.97903
1.7868
0.79152
0.85806
1.9313
0.75283
1.8673
1.8787
1.5662
0.91405
0.77353
1.4917
0.67321
1.5847
0.49857
1.9903
1.4835
0.70735
0.82318
0.85939
0.87373
0.4971
1.6581
1.638
1.6873
1.6673
0.764
1.9219
1.8374
1.6215
0.79062
0.72209
0.4934
1.1096
1.2518
1.218
1.396
0.71927
0.5943
0.74188
1.5696
1.6105
0.67012
0.88673
1.8162
1.6461
1.6451
1.574
1.6187
1.5739
1.6387
1.6692
1.6043
0.66439
1.5704
1.731
0.65795
0.365
1.589
1.7465
0.68444
0.85862
1.7453
1.6037
1.6613
0.62851
0.53229
1.4366
0.5421
0.67892
0.42253
1.6067
1.6893
1.5241
0.66821
1.5122
0.76351
1.7672
1.6039
0.68121
0.7966
1.8956
0.39942
1.8809
1.8226
0.36347
0.28395
0.43778
0.40572
1.9265
1.8392
1.8457
0.80184
0.28862
1.4358
0.78263
1.8597
1.7401
0.73859
0.92911
1.9003
0.64052
1.1752
1.0533
0.47001
2.2163
1.1997
0.75409
1.4031
0.95308
1.2688
0.99905
1.1363
1.1827
1.1033
0.82791
1.7149
1.558
1.5209
1.2432
1.0648
1.1057
1.4631
1.4615
1.1529
0.80738
1.7865
0.78036
1.4735
1.1243
1.1331
1.669
1.6608
1.293
1.3161
0.83079
1.2046
0.48633
1.7054
1.1125
1.7429
1.6537
1.5826
1.5756
1.6269
1.4075
0.7103
1.1193
1.5904
0.76777
1.1797
1.2734
1.6476
1.6239
0.82964
1.0015
1.2457
1.7582
1.6673
1.6187
0.69116
1.5999
1.6683
1.6768
1.323
0.63667
0.8665
0.70332
1.6311
0.99769
0.7609
0.32088
1.2693
1.4796
0.94571
0.82178
1.7967
1.6914
1.9046
1.7546
1.1228
1.8072
0.74192
1.996
1.5262
1.7063
1.8844
0.76373
0.7513
0.78788
0.88043
0.65095
0.6271
1.8303
0.81912
0.74082
0.65558
1.4855
0.65188
1.9697
0.93825
0.84259
1.4755
0.68759
1.759
0.8558
0.82363
0.75108
0.28844
0.69914
0.70274
1.8395
1.7605
0.5792
1.6529
0.68265
0.69883
1.7386
0.43734
0.73802
0.33654
0.67927
0.65546
1.5493
1.7177
1.77
0.6632
1.8399
1.541
1.6478
1.8319
0.75464
0.85202
0.84436
0.85446
1.5756
1.0224
1.1312
1.159
0.4662
1.1717
1.1142
1.0944
0.67752
0.99959
1.0499
1.5686
1.0854
1.4948
0.96674
1.4027
1.3684
0.92511
0.95064
0.6499
1.0038
1.0471
1.7541
0.77825
0.50516
1.9805
1.1782
0.74825
1.5141
1.6824
1.7973
1.8967
1.5544
0.57871
1.6489
1.641
1.6165
1.6916
1.7813
1.7074
1.6803
1.8358
1.7892
1.8193
1.8027
1.88
1.7784
1.7927
1.774
1.7816
1.7857
1.7657
1.738
1.5484
1.722
1.7312
2.0263
1.6766
1.7516
1.6693
1.7439
1.827
1.8495
1.662
1.9994
1.7989
1.7887
1.8424
1.8357
0.70742
1.5749
1.6275
1.5445
1.779
1.7845
1.5378
1.5997
1.4264
1.8023
1.6581
1.6687
1.9542
1.8484
1.6703
1.8033
1.7896
1.6939
1.6992
1.6411
0.73469
1.5513
1.6121
1.7328
1.7284
1.7373
1.6923
1.6969
1.7062
1.6884
1.8925
1.6553
1.7212
1.7768
1.7554
1.8836
1.7122
1.6018
1.6205
1.5839
1.6881
1.7046
1.6277
1.803
2.0018
1.8776
1.7257
1.6877
1.5583
1.5816
1.5601
1.6152
1.7522
1.6624
1.7014
1.6428
1.6954
1.6933
1.7128
1.6494
1.7615
1.8137
1.7166
1.7941
1.6522
1.7001
1.7137
1.7364
1.7861
1.9777
0.81379
1.8544
1.9941
1.9048
1.8477
1.7318
1.6983
1.7928
0.67277
1.7466
1.7598
0.80948
1.8641
0.79712
1.8219
1.8008
1.9285
1.6295
1.7771
1.8584
1.7024
1.696
1.7796
1.7221
1.8051
1.8341
1.7406
1.8689
1.6781
0.91131
0.90488
0.85105
0.93415
0.97277
0.67848
1.6917
1.6874
1.6445
1.6944
1.7045
1.6586
1.5515
1.4962
0.77504
1.8875
0.71941
1.7855
1.7748
1.8762
1.6877
1.6936
1.7216
1.7767
0.84939
1.8944
1.738
1.9204
0.10001
1.8194
1.8217
1.803
1.785
1.7257
1.7185
1.8636
1.6252
1.7787
1.6921
1.7128
1.9378
1.9202
1.659
1.7853
1.7002
1.7978
1.9339
1.8844
1.8207
1.72
1.7313
1.6819
1.7067
1.7709
1.7679
1.7456
1.8324
1.7414
1.793
1.7786
1.7456
1.6759
1.6877
1.7715
0.64828
1.8361
1.7277
1.7097
1.9486
1.9899
1.8806
1.8008
1.8958
1.7296
1.8706
1.5829
1.7361
1.7756
1.7481
1.7924
1.6477
1.7021
1.7102
1.8253
1.7149
1.5583
0.76792
1.502
1.7002
1.6884
1.6422
1.7853
1.6963
1.7449
1.7411
1.59
1.5917
1.14
2.1113
2.0994
2.174
0.93125
1.0735
1.941
2.1186
2.1408
2.0804
2.1664
1.4684
2.2352
2.1908
1.8471
1.9861
2.1638
2.0245
2.0718
2.1147
1.9488
1.9509
2.0769
2.5502
1.9622
1.9514
2.1745
1.6524
1.9538
0.88533
2.2739
2.2369
2.128
0.92404
1.3688
2.164
2.3828
2.1794
2.0432
2.4536
2.2211
1.1873
2.0284
2.2041
0.95775
0.58701
2.0798
2.0575
2.1289
1.9635
1.8883
0.82122
1.9849
2.0754
1.1184
2.3815
1.9707
1.1045
0.89383
1.8165
2.1118
1.9048
1.8392
1.1453
0.80965
2.0621
2.5794
2.0619
0.71646
2.1932
1.9257
1.06
2.0217
0.9294
1.164
2.1205
2.0659
1.2733
1.692
1.3109
1.0714
1.0253
2.0953
1.987
2.1347
2.4491
2.1815
2.1448
1.255
1.0325
2.1907
1.197
0.61883
0.97648
2.069
2.1008
1.1393
1.2154
1.0958
0.73567
2.446
2.4307
1.0538
2.1583
0.61049
2.3434
2.1607
2.2772
2.1475
2.0119
1.9962
2.1608
1.8915
1.8992
2.0053
1.9665
1.0149
1.0135
1.0268
2.1394
2.0984
2.1379
2.3274
1.0596
2.2176
2.1307
1.0596
2.1067
2.1157
2.3151
2.5707
1.2785
2.3356
2.1888
2.1748
2.3707
0.68612
1.4051
2.2062
1.6067
2.4722
2.3631
2.6131
0.88279
2.0049
2.3771
2.1201
2.5313
2.6387
1.2482
2.276
2.2857
2.1747
2.2359
0.45641
1.0044
0.77175
0.21199
1.1055
1.9304
1.922
1.6964
2.0515
2.0165
2.0583
1.1232
2.0705
2.0143
1.9179
0.65166
1.9477
1.8409
1.968
2.0614
2.0743
1.989
0.94693
1.0236
2.086
2.1633
2.0619
2.1953
2.0121
1.1243
2.1338
1.1015
1.1237
1.969
0.54241
0.47513
0.52122
0.62437
0.77131
0.8163
0.7029
0.86878
0.73219
0.79825
1.8147
0.71249
0.7247
0.66768
0.75971
0.87851
0.66217
0.74051
0.46165
0.74228
0.43363
0.79649
0.4513
0.37787
0.75125
0.48203
0.55559
0.42655
0.36895
0.65456
0.59355
0.70498
0.64197
0.64843
0.7361
0.7135
0.40667
0.86908
0.46007
0.43486
0.094121
0.45775
0.47655
0.44886
0.79332
0.41699
0.78254
0.47933
0.73658
0.77226
0.62063
0.66555
0.35173
0.66814
0.60395
0.442
0.39494
0.5007
0.73238
0.43894
0.44678
0.45093
0.37065
0.40152
0.40775
0.26251
0.38972
0.4666
0.20778
0.41914
0.4905
0.32605
0.85231
0.83223
0.58703
0.45682
0.50734
0.4904
0.5241
0.53984
0.73914
0.47306
0.40204
0.37686
0.46677
0.47985
0.39974
0.4745
0.40038
0.5465
0.45996
0.38946
0.31427
0.30383
0.31176
0.37609
0.2775
0.32202
0.4872
0.40136
0.40309
0.43163
0.7954
0.5536
0.48425
0.43011
0.41204
0.3556
0.44765
0.44635
0.37651
0.41591
0.41719
0.75768
0.44255
0.45119
0.44935
0.35927
0.36192
0.36927
0.42258
0.31281
0.45076
0.50605
0.38438
0.45244
0.39648
0.5204
0.49156
0.40691
0.51537
0.56916
0.5578
0.53864
0.59997
0.72674
0.37661
0.52542
0.83478
0.59926
1.4862
1.4607
0.49034
1.3115
0.47918
0.49552
0.78115
1.7668
1.5173
0.80018
0.48703
0.62003
0.58987
1.7142
0.54092
1.6335
0.6253
0.34202
0.63098
0.59831
0.58694
0.63266
1.5186
1.3436
1.4568
1.5562
1.5526
1.5066
0.60304
1.5618
1.5296
0.64636
1.6331
1.604
0.78117
0.90151
1.7733
0.71304
1.6531
0.72668
0.69677
0.72783
0.77958
0.74779
0.76317
0.73908
0.060146
0.78709
0.83834
0.75792
1.5721
1.7313
1.5013
0.65885
0.53085
0.32984
0.36333
0.3909
0.37065
0.74259
0.73423
0.81431
0.68809
0.5554
0.35324
0.65933
0.7378
0.31028
0.38475
0.30927
0.75784
0.64738
0.76577
0.67667
