0.98467
0.99008
0.96651
0.93889
0.95279
0.94076
0.94256
0.95163
0.95524
0.9345
0.99664
0.99809
0.98593
0.94688
0.96211
0.97417
0.97797
0.97134
0.98929
0.99295
0.98232
0.97873
0.98978
0.99224
0.97598
0.9743
0.99267
0.97698
0.96887
0.98115
0.99032
0.99073
0.98657
0.987
0.97108
0.98427
0.99296
0.98559
0.99547
0.99457
0.99266
0.99708
0.98602
0.99942
0.99593
0.9835
0.98322
0.99005
0.99081
0.99435
0.98256
0.99503
0.99667
0.98781
0.9969
0.99603
0.99243
0.9947
0.99691
0.95194
0.98811
0.98242
0.98572
0.97226
0.98328
0.98861
0.99598
0.98702
0.98184
0.97837
0.99373
0.98623
0.99482
0.9908
0.9969
0.98993
0.98729
0.99421
0.99421
0.99606
0.99959
0.98362
0.99364
0.98863
0.98761
0.98845
0.98624
0.9927
0.98951
0.98932
0.98965
0.98311
0.98925
0.94742
0.9706
0.98006
0.96367
0.98444
0.98146
0.98589
0.9775
0.99199
0.95952
0.97309
0.98804
0.97897
0.99658
0.98593
0.98646
0.97078
0.9863
0.98134
0.99384
0.99
0.9874
0.97981
0.99554
0.99013
0.98277
0.9974
0.97696
0.98111
0.97854
0.98176
0.96978
0.98995
0.98222
0.99013
0.97107
0.99058
0.98979
0.99556
0.98919
0.99333
0.98427
0.99
0.97426
0.98961
0.98889
0.98919
0.98543
0.99018
0.98051
0.98211
0.99067
0.98901
0.98694
0.99393
0.99241
0.94785
0.95972
0.98148
0.97314
0.96444
0.96396
0.95472
0.9488
0.97887
0.92698
0.92374
0.95418
0.95542
0.94767
0.96759
0.98518
0.96803
0.97208
0.94468
0.95536
0.97574
0.95093
0.96581
0.92176
0.83959
0.85403
0.9551
0.83257
0.9122
0.88296
0.88442
0.88112
0.89777
0.87267
0.85037
0.90558
0.92219
0.96036
0.86374
0.95292
0.89757
0.91811
0.89657
0.87887
0.83256
0.8215
0.83899
0.78899
0.97505
0.84703
0.93737
0.8969
0.89329
0.79953
0.83119
0.90503
0.88854
0.89959
0.8883
0.96422
0.93751
0.86649
0.89548
0.83128
0.92341
0.90353
0.87563
0.8971
0.91182
0.90006
0.97001
0.89539
0.89131
0.81842
0.85322
0.90626
0.93929
0.86944
0.92124
0.87623
0.92801
0.97052
0.9057
0.94587
0.87946
0.92537
0.91428
0.93904
0.94548
0.94796
0.96302
0.91245
0.93509
0.94078
0.92767
0.90567
0.82543
0.92256
0.89399
0.838
0.90517
0.84935
0.93166
0.95412
0.91779
0.88565
0.90217
0.85503
0.86264
0.85323
0.88752
0.86469
0.90153
0.88937
0.9691
0.97503
0.8814
0.9089
0.93585
0.93434
0.90832
0.92232
0.8999
0.92325
0.93589
0.92455
0.94297
0.93272
0.90052
0.94453
0.95303
0.91268
0.91994
0.90331
0.91526
0.90712
0.91234
0.95096
0.94063
0.91999
0.92242
0.90326
0.91123
0.92195
0.95261
0.9621
0.93675
0.9164
0.96086
0.9317
0.94267
0.95187
0.9701
0.96055
0.98041
0.95368
0.95819
0.95715
0.97393
0.9574
0.95564
0.96804
0.97353
0.97579
0.96675
0.97713
0.97669
0.98116
0.96698
0.92844
0.92329
0.91397
0.91998
0.89732
0.88707
0.91325
0.83191
0.93736
0.97924
0.97103
0.95179
0.95706
0.95435
0.95699
0.92953
0.98264
0.96599
0.97263
0.95079
0.9921
0.96678
0.96745
0.94909
0.96174
0.95692
0.9664
0.95294
0.93952
0.97202
0.9577
0.96787
0.95538
0.96334
0.95214
0.9591
0.96991
0.96935
0.96607
0.95525
0.95831
0.9595
0.96816
0.96865
0.97222
0.96605
0.96461
0.96637
0.97429
0.97273
0.97059
0.98767
0.9743
0.97395
0.98642
0.98127
0.97597
0.98334
0.97087
0.96939
0.96835
0.94648
0.94985
0.95735
0.98052
0.97814
0.93366
0.95323
0.98292
0.99434
0.9788
0.97169
0.98082
0.97961
0.92627
0.90236
0.98797
0.92709
0.94736
0.92644
0.95721
0.9434
0.9806
0.95727
0.97376
0.9318
0.93946
0.96919
0.94777
0.92856
0.93899
0.92366
0.937
0.93194
0.91183
0.94637
0.98255
0.99014
0.97618
0.98275
0.99096
0.96852
0.96721
0.94592
0.90813
0.94681
0.95297
0.94991
0.95671
0.97317
0.93961
0.94981
0.96752
0.96822
0.94462
0.95022
0.96591
0.97769
0.95269
0.96225
0.98
0.96428
0.95612
0.95935
0.98332
0.96413
0.96623
0.94881
0.96526
0.95327
0.9733
0.98164
0.94182
0.95988
0.96575
0.97941
0.98421
0.98237
0.98364
0.9808
0.96191
0.98164
0.98115
0.98038
0.98194
0.98261
0.97658
0.97589
0.98622
0.989
0.97359
0.98777
0.987
0.98676
0.98335
0.97145
0.98041
0.96505
0.95416
0.98901
0.97998
0.98954
0.98883
0.97309
0.99079
0.99336
0.98666
0.97948
0.98754
0.98794
0.98415
0.98369
0.99297
0.99033
0.9897
0.98396
0.99192
0.96482
0.9756
0.97785
0.97373
0.97384
0.98485
0.98559
0.97534
0.98651
0.98644
0.98236
0.97947
0.95664
0.97492
0.98761
0.96584
0.9657
0.98463
0.98755
0.98915
0.98736
0.99108
0.98994
0.99168
0.98516
0.99372
0.97518
0.98754
0.98416
0.94034
0.96612
0.96758
0.93257
0.97125
0.91561
0.91272
0.96429
0.94412
0.96781
0.985
0.96046
0.95789
0.9283
0.95523
0.978
0.96363
0.90927
0.91792
0.93114
0.92197
0.98432
0.98483
0.97598
0.9807
0.97709
0.99234
0.98368
0.98414
0.97262
0.96029
0.96536
0.98303
0.98799
0.99542
0.9878
0.98658
0.98955
0.9815
0.98081
0.96787
0.9704
0.97663
0.97044
0.9732
0.98253
0.98077
0.99256
0.99189
0.97843
0.9907
0.98453
0.98716
0.98371
0.98748
0.98796
0.98485
0.97809
0.99193
0.98857
0.99084
0.98534
0.97153
0.98418
0.97072
0.9785
0.98295
0.98111
0.98933
0.99276
0.98995
0.99148
0.98944
0.97481
0.96321
0.96059
0.9836
0.97697
0.97708
0.97919
0.97782
0.97139
0.9724
0.98686
0.963
0.97207
0.96546
0.96822
0.98249
0.9641
0.98122
0.97685
0.97441
0.96681
0.97778
0.98181
0.97499
0.967
0.97749
0.99038
0.96624
0.96816
0.98871
0.98365
0.97915
0.96314
0.97441
0.98591
0.98978
0.99408
0.96574
0.99258
0.98639
0.97828
0.98565
0.9817
0.98169
0.92856
0.96432
0.97086
0.99044
0.95822
0.98266
0.97849
0.96865
0.97074
0.98247
0.98526
0.96926
0.98949
0.98694
0.98435
0.98147
0.94292
0.98775
0.97579
0.97523
0.98232
0.97917
0.98623
0.96337
0.99435
0.98085
0.98531
0.96183
0.99161
0.99064
0.98368
0.95044
0.96524
0.97627
0.99359
0.97112
0.97317
0.97286
0.97613
0.98342
0.98363
0.97298
0.97461
0.96771
0.96753
0.96243
0.98095
0.98032
0.98653
0.98051
0.98681
0.98222
0.98877
0.97768
0.98592
0.98221
0.97056
0.95848
0.95662
0.9589
0.97245
0.97841
0.97555
0.97803
0.96265
0.97039
0.98841
0.98772
0.98959
0.98001
0.99029
0.97537
0.95982
0.97382
0.97971
0.97139
0.9814
0.97161
0.97268
0.9927
0.98401
0.98844
0.98195
0.98239
0.99252
0.95417
0.98771
0.97479
0.97552
0.97562
0.97388
0.98078
0.95999
0.98599
0.98168
0.97048
0.95646
0.96074
0.94664
0.96625
0.96085
0.97538
0.97728
0.96775
0.96905
0.97802
0.97957
0.98373
0.97641
0.97722
0.97687
0.97471
0.98115
0.95767
0.9581
0.97284
0.978
0.96624
0.97477
0.95118
0.99446
0.97963
0.98389
0.97494
0.97695
0.98666
0.98919
0.97867
0.98357
0.99031
0.95142
0.98031
0.992
0.98496
0.96731
0.9582
0.98118
0.98681
0.97769
0.97934
0.96907
0.96077
0.97582
0.97913
0.97835
0.97047
0.9784
0.97243
0.9589
0.96743
0.96173
0.96502
0.95761
0.95495
0.95508
0.9579
0.96584
0.97369
0.98086
0.97366
0.97207
0.94643
0.97379
0.95914
0.95327
0.93777
0.95966
0.97068
0.93344
0.948
0.95674
0.95069
0.97119
0.96493
0.95166
0.97569
0.96802
0.96355
0.96854
0.96259
0.96823
0.97049
0.96978
0.98732
0.9576
0.95645
0.95525
0.9686
0.9686
0.96071
0.9683
0.97466
0.96792
0.96289
0.97557
0.95269
0.96239
0.9678
0.9821
0.97828
0.96738
0.98469
0.98497
0.97183
0.96152
0.97732
0.95475
0.97191
0.98851
0.97967
0.97054
0.97029
0.96315
0.97132
0.986
0.98376
0.97974
0.985
0.96593
0.97342
0.97712
0.987
0.99162
0.9837
0.98775
0.98124
0.96711
0.96399
0.98393
0.95395
0.98035
0.98143
0.98208
0.9815
0.99321
0.98248
0.97721
0.97932
0.98622
0.9808
0.96292
0.97026
0.97462
0.97492
0.98596
0.96426
0.97828
0.97826
0.98002
0.98477
0.98281
0.97426
0.97322
0.98373
0.97622
0.98483
0.97918
0.97615
0.98276
0.98413
0.96255
0.97282
0.97599
0.94765
0.95818
0.96806
0.96205
0.96787
0.97358
0.9711
0.97802
0.96862
0.97228
0.98697
0.96252
0.97345
0.97515
0.96556
0.99111
0.97331
0.97607
0.98224
0.97379
0.98163
0.98282
0.96724
0.98057
0.96961
0.97109
0.97999
0.98566
0.96068
0.97698
0.97491
0.98075
0.98325
0.98204
0.98412
0.98372
0.98995
0.98615
0.98821
0.96648
0.96669
0.97793
0.97661
0.98121
0.98191
0.99041
0.97514
0.97828
0.98341
0.98567
0.96362
0.9894
0.9844
0.98385
0.97036
0.9781
0.97503
0.99433
0.98576
0.98702
0.96631
0.97927
0.98594
0.97099
0.98461
0.97047
0.96907
0.97725
0.98327
0.98123
0.98304
0.97821
0.96467
0.96634
0.96579
0.96171
0.9703
0.98172
0.97291
0.98919
0.9779
0.97147
0.97166
0.97148
0.96191
0.96543
0.96273
0.976
0.9695
0.97021
0.97387
0.97922
0.97953
0.97012
0.95891
0.96067
0.9697
0.96954
0.96744
0.97277
0.97883
0.99339
0.98224
0.98128
0.96412
0.99123
0.99532
0.99725
0.99656
0.987
0.96611
0.98673
0.96759
0.98587
0.98659
0.99195
0.99142
0.99954
0.98758
0.9836
0.9843
0.99569
0.99584
0.99962
0.99622
0.9917
0.99277
0.99867
0.9967
0.99841
0.99082
0.98873
0.99703
0.99718
0.99696
0.99015
0.98919
0.98836
0.99029
0.98838
0.98818
0.96939
0.97527
0.96428
0.96704
0.99364
0.98545
0.97473
0.95603
0.945
0.98118
0.95491
0.92379
0.94273
0.94046
0.96343
0.97029
0.98338
0.94494
0.98522
0.96932
0.97877
0.95593
0.95633
0.97388
0.98858
0.96387
0.97183
0.95856
0.98661
0.99838
0.98197
0.98865
0.95488
0.97559
0.96339
0.89745
0.93699
0.97398
0.96824
0.9301
0.9545
0.98944
0.97898
0.97074
0.96093
0.95986
0.99593
0.98288
0.99884
0.99253
0.97306
0.96279
0.98124
0.99163
0.96937
0.9612
0.94823
0.96422
0.9287
0.96013
0.97212
0.98806
0.99325
0.98126
0.98421
0.98603
0.9779
0.98569
0.98953
0.99443
0.99023
0.99255
0.99468
0.99702
0.99561
0.99497
0.9905
0.99717
0.97906
0.98961
0.99296
0.99588
0.99704
0.99612
0.9926
0.989
0.99498
0.99123
0.9893
0.99419
0.99521
0.99782
0.99777
0.99452
0.99621
0.99385
0.99047
0.99834
0.9838
0.99741
0.98676
0.99772
0.99784
0.99839
0.99388
0.99263
0.99517
0.99165
0.99412
0.97327
0.9952
0.99296
0.9936
0.99483
0.99249
0.99431
0.99597
0.99212
0.96989
0.97444
0.98813
0.99415
0.99213
0.99875
0.99578
0.97256
0.99316
0.98723
0.9941
0.98669
0.98893
0.98007
0.98979
0.98414
0.97627
0.99714
0.98588
0.97489
0.99501
0.9934
0.99092
0.98792
0.97029
0.98637
0.98787
0.9907
0.99212
0.97369
0.99273
0.99145
0.99223
0.98654
0.99656
0.99516
0.99611
0.99433
0.96875
0.99498
0.99516
0.99638
0.98279
0.96914
0.98135
0.98653
0.99089
0.98591
0.99598
0.9979
0.9962
0.98884
0.99554
0.993
0.99629
0.99058
0.99554
0.9957
0.99699
0.99515
0.99698
0.99014
0.9883
0.98838
0.9958
0.97987
0.9935
0.99555
0.99079
0.99828
0.99193
0.99573
0.99581
0.97815
0.97764
0.98002
0.97496
0.98626
0.98408
0.98659
0.99039
0.9888
0.99825
0.99384
0.99294
0.98584
0.97414
0.98939
0.98732
0.98811
0.98045
0.99042
0.98605
0.98467
0.98361
0.9861
0.98023
0.97985
0.97857
0.9799
0.97987
0.98572
0.98415
0.98376
0.99122
0.98416
0.98485
0.97655
0.98827
0.98672
0.98817
0.99129
0.9884
0.99315
0.98445
0.98085
0.99147
0.97455
0.99005
0.988
0.99202
0.98935
0.98397
0.99196
0.9949
0.98567
0.97938
0.98393
0.9821
0.99765
0.99652
0.98841
0.98554
0.99051
0.98848
0.98507
0.98479
0.98458
0.99105
0.99198
0.97459
0.9835
0.97533
0.9794
0.97083
0.96743
0.9863
0.98787
0.99063
0.98546
0.97938
0.97867
0.97022
0.97593
0.97766
0.98957
0.9917
0.99046
0.97303
0.98968
0.99493
0.98873
0.98763
0.97678
0.97837
0.97349
0.97889
0.99454
0.99643
0.99638
0.99088
0.99205
0.98959
0.98089
0.99211
0.9952
0.9848
0.98485
0.9883
0.97017
0.99501
0.99872
0.99234
0.99901
0.98964
0.9868
0.97568
0.99025
0.98629
0.99068
0.99216
0.98833
0.99151
0.98216
0.99254
0.98428
0.97104
0.986
0.9916
0.98416
0.97982
0.98804
0.98186
0.99427
0.99267
0.99057
0.97468
0.98632
0.98573
0.98301
0.99254
0.98536
0.98462
0.98855
0.98696
0.98703
0.99509
0.99658
0.99444
0.98942
0.98796
0.98927
0.9883
0.9939
0.97575
0.98776
0.99118
0.98394
0.98323
0.98546
0.98806
0.9828
0.98783
0.97184
0.9726
0.98415
0.98472
0.98171
0.99345
0.98196
0.99115
0.98797
0.97943
0.9865
0.99169
0.97886
0.98284
0.98663
0.97484
0.97426
0.9692
0.9834
0.98811
0.9872
0.97812
0.98837
0.98728
0.98172
0.99288
0.97989
0.99088
0.98132
0.97732
0.98326
0.98182
0.98718
0.98071
0.97923
0.97695
0.99524
0.98527
0.97788
0.97386
0.97595
0.98853
0.97863
0.97864
0.96656
0.9894
0.97155
0.98474
0.98802
0.99133
0.9773
0.97706
0.98687
0.9889
0.98427
0.97956
0.98579
0.9862
0.98756
0.97895
0.97647
0.96793
0.96144
0.97159
0.93654
0.95549
0.92198
0.9567
0.96399
0.97515
0.97291
0.96223
0.94963
0.96266
0.92403
0.95518
0.93023
0.955
0.96832
0.96276
0.93663
0.98969
0.94021
0.96076
0.94909
0.96815
0.97448
0.97081
0.96301
0.96654
0.96785
0.96896
0.99307
0.97055
0.97454
0.97796
0.97247
0.97969
0.98093
0.96923
0.97912
0.98456
0.96416
0.99257
0.98164
0.98209
0.97696
0.97149
0.97559
0.97793
0.9801
0.96482
0.98149
0.97507
0.96075
0.9738
0.98583
0.97643
0.97971
0.98057
0.97808
0.98271
0.98833
0.98314
0.98019
0.99037
0.95912
0.96617
0.94436
0.99445
0.97276
0.99291
0.96316
0.98646
0.98388
0.97986
0.9688
0.96438
0.97637
0.98752
0.97638
0.97403
0.97097
0.98601
0.98213
0.97617
0.99229
0.97989
0.9871
0.98135
0.98543
0.97904
0.97556
0.97466
0.98559
0.9762
0.97761
0.9836
0.97323
0.97562
0.97617
0.98239
0.97514
0.97386
0.98055
0.97727
0.99125
0.97901
0.98829
0.96193
0.94819
0.96693
0.9761
0.97917
0.99449
0.98422
0.99102
0.98599
0.98803
0.97846
0.99051
0.98229
0.98794
0.97825
0.98985
0.99156
0.97642
0.9579
0.97761
0.98719
0.98717
0.98277
0.99038
0.98763
0.97105
0.97914
0.98747
0.99162
0.97793
0.96738
0.96004
0.97498
0.98166
0.97218
0.98483
0.97261
0.98282
0.98346
0.98726
0.98104
0.97827
0.98871
0.97319
0.97968
0.98822
0.97676
0.97967
0.98315
0.9853
0.98114
0.98563
0.97138
0.97468
0.97234
0.97801
0.96577
0.975
0.96071
0.94969
0.95193
0.97151
0.96296
0.96309
0.95669
0.97654
0.96815
0.97609
0.97938
0.97908
0.98386
0.98573
0.97257
0.99169
0.98426
0.97842
0.97439
0.97293
0.98635
0.98852
0.98435
0.98225
0.9749
0.96626
0.97758
0.98707
0.96391
0.91857
0.9712
0.93968
0.96647
0.96343
0.97759
0.98518
0.98018
0.96496
0.97193
0.98861
0.95394
0.97952
0.99123
0.95739
0.93516
0.97464
0.96376
0.97491
0.95703
0.96614
0.9743
0.94041
0.96646
0.97015
0.97389
0.9562
0.97835
0.97305
0.97001
0.97881
0.97735
0.98716
0.99555
0.98713
0.98677
0.99339
0.97879
0.98504
0.9819
0.96773
0.98816
0.976
0.97629
0.97677
0.98345
0.99051
0.98327
0.96599
0.98921
0.9923
0.96396
0.98853
0.99042
0.98431
0.98515
0.9938
0.9758
0.97926
0.98507
0.98226
0.99193
0.95804
0.98439
0.99279
0.9846
0.97741
0.9911
0.98993
0.98696
0.99255
0.9858
0.98796
0.96746
0.96208
0.98399
0.97141
0.98223
0.98618
0.98601
0.98818
0.97567
0.97755
0.99381
0.99283
0.94754
0.99378
0.98423
0.98523
0.98733
0.98542
0.98531
0.98978
0.98258
0.98521
0.97795
0.9743
0.99433
0.9591
0.97785
0.97566
0.98214
0.9811
0.98258
0.97533
0.98389
0.96223
0.94844
0.98981
0.95872
0.96535
0.94369
0.97102
0.94566
0.92691
0.96261
0.98375
0.96707
0.96897
0.96316
0.93966
0.92301
0.97026
0.96666
0.94769
0.94628
0.96837
0.98802
0.95834
0.97413
0.97523
0.96068
0.96824
0.97953
0.97217
0.97109
0.97914
0.95375
0.98932
0.96146
0.96566
0.97077
0.9584
0.96329
0.95572
0.9702
0.95552
0.96787
0.93471
0.98849
0.9614
0.96963
0.98015
0.97825
0.9799
0.98219
0.98075
0.98396
0.98763
0.96974
0.97492
0.96777
0.9854
0.96831
0.9797
0.97045
0.98798
0.98146
0.98095
0.97451
0.98037
0.97964
0.97531
0.97742
0.98607
0.98468
0.98492
0.97514
0.96877
0.98019
0.96924
0.97286
0.9631
0.96994
0.9703
0.97709
0.96123
0.96653
0.96552
0.95129
0.97311
0.95944
0.97247
0.93164
0.95368
0.91738
0.92155
0.95758
0.9562
0.94122
0.96102
0.97274
0.96162
0.96804
0.94527
0.9334
0.93336
0.94358
0.95141
0.95944
0.9599
0.94815
0.93787
0.95729
0.94858
0.96239
0.93435
0.95783
0.95069
0.95744
0.95839
0.96698
0.94105
0.94894
0.95746
0.94129
0.96274
0.9423
0.95998
0.92419
0.9519
0.93587
0.93131
0.97492
0.93587
0.97405
0.95935
0.94633
0.91897
0.93407
0.92406
0.93195
0.94226
0.93792
0.95194
0.93232
0.95593
0.95711
0.96915
0.94986
0.96188
0.95932
0.9644
0.97305
0.91341
0.90235
0.91542
0.93795
0.93992
0.96455
0.91147
0.96583
0.96589
0.93752
0.94056
0.90913
0.93157
0.93072
0.93933
0.97203
0.95494
0.93311
0.96579
0.95602
0.94223
0.95169
0.93398
0.95386
0.95317
0.93693
0.94107
0.92324
0.92209
0.94445
0.94379
0.9527
0.94108
0.95778
0.94595
0.9613
0.96353
0.95498
0.94893
0.9324
0.91519
0.93729
0.96699
0.94892
0.94621
0.94786
0.96501
0.94825
0.92043
0.94248
0.95794
0.90569
0.92814
0.93541
0.90687
0.93358
0.9392
0.94259
0.92805
0.93333
0.93845
0.93568
0.91738
0.96802
0.94575
0.95811
0.9585
0.94401
0.89786
0.89909
0.94908
0.9042
0.88669
0.88749
0.96085
0.96018
0.96437
0.95039
0.93465
0.94583
0.94338
0.97631
0.96245
0.94429
0.8602
0.95688
0.91948
0.94003
0.95173
0.92896
0.92374
0.9495
0.94696
0.94633
0.93414
0.90553
0.90842
0.92084
0.96773
0.95339
0.9558
0.96098
0.9507
0.95061
0.94301
0.96947
0.93016
0.9575
0.9622
0.93068
0.96814
0.96766
0.92696
0.9372
0.93518
0.9377
0.94201
0.9228
0.9499
0.93716
0.95894
0.96163
0.94387
0.96111
0.95422
0.935
0.93491
0.97578
0.92139
0.95876
0.96953
0.97518
0.95708
0.97725
0.96067
0.9592
0.98401
0.97214
0.97628
0.95795
0.96214
0.9464
0.95569
0.96429
0.93996
0.97908
0.96908
0.96979
0.96409
0.98995
0.95239
0.98332
0.96001
0.96639
0.9845
0.98054
0.9673
0.95834
0.96549
0.9366
0.95273
0.94583
0.92537
0.90936
0.9145
0.9151
0.91664
0.88161
0.94144
0.93337
0.94829
0.95427
0.93323
0.95285
0.96796
0.93606
0.91977
0.95515
0.96315
0.9314
0.89189
0.90699
0.9223
0.96397
0.97436
0.96083
0.97348
0.97287
0.95781
0.96131
0.93069
0.96338
0.96953
0.95974
0.94099
0.95866
0.96632
0.94458
0.97822
0.96439
0.95741
0.88958
0.96263
0.94084
0.96325
0.96473
0.96759
0.96036
0.9658
0.95757
0.96996
0.93367
0.90214
0.95864
0.9724
0.93224
0.95801
0.95329
0.94975
0.95013
0.97325
0.96493
0.95329
0.92028
0.95106
0.92741
0.93974
0.9313
0.92964
0.93741
0.96756
0.94466
0.93493
0.95953
0.90432
0.96367
0.97334
0.98923
0.98592
0.97936
0.97922
0.98876
0.97697
0.97774
0.97526
0.98205
0.98206
0.97727
0.94769
0.95236
0.98977
0.95942
0.97287
0.9463
0.98965
0.97704
0.97433
0.95572
0.96033
0.96927
0.99272
0.98681
0.95569
0.98957
0.99471
0.98634
0.98693
0.97646
0.97728
0.95365
0.99361
0.96873
0.97318
0.95362
0.93297
0.9793
0.97778
0.98584
0.93845
0.977
0.9332
0.95556
0.98054
0.98337
0.98133
0.96381
0.9743
0.97815
0.97987
0.97525
0.95171
0.98907
0.98269
0.99255
0.97352
0.96812
0.98755
0.96181
0.92084
0.8555
0.94253
0.97003
0.95982
0.95322
0.94538
0.94186
0.96091
0.96586
0.95564
0.95543
0.93026
0.88388
0.95021
0.93869
0.95971
0.94347
0.97007
0.96546
0.95085
0.95146
0.96551
0.97773
0.9661
0.9637
0.97601
0.95518
0.97205
0.97615
0.92437
0.97363
0.97629
0.9749
0.98475
0.98931
0.96124
0.9642
0.96134
0.97008
0.96715
0.95245
0.9754
0.95871
0.97066
0.97421
0.97563
0.95048
0.94297
0.98164
0.97838
0.99421
0.99196
0.99944
0.99696
0.99666
0.99894
0.98437
0.98512
0.94857
0.9577
0.98342
0.98117
0.96211
0.97895
0.96436
0.98107
0.99623
0.97577
0.98539
0.95404
0.99097
0.99621
0.9924
0.99229
0.98257
0.97515
0.98934
0.99756
0.98912
0.97444
0.91332
0.97703
0.98985
0.95263
0.95779
0.96864
0.91091
0.93314
0.98
0.96805
0.95664
0.97542
0.96477
0.96982
0.94792
0.90246
0.92995
0.95019
0.92455
0.95316
0.94571
0.95687
0.91117
0.92458
0.96056
0.9718
0.91641
0.94991
0.96614
0.9759
0.95027
0.95921
0.95736
0.97921
0.98175
0.96997
0.96805
0.98579
0.97812
0.94544
0.95523
0.96341
0.95723
0.9637
0.96092
0.97595
0.94776
0.96272
0.98197
0.96945
0.99012
0.96987
0.96215
0.96792
0.95108
0.94491
0.97458
0.95581
0.95779
0.96213
0.94477
0.94485
0.95221
0.96192
0.93434
0.96454
0.94485
0.9608
0.96451
0.95755
0.96583
0.9824
0.96439
0.95392
0.94823
0.92321
0.98716
0.97363
0.97519
0.97266
0.96341
0.95524
0.9665
0.98903
0.98359
0.96854
0.98166
0.97962
0.95763
0.96652
0.97036
0.96713
0.97472
0.97031
0.97566
0.96893
0.97122
0.94995
0.96506
0.97101
0.95996
0.97617
0.97815
0.98257
0.93644
0.97883
0.96133
0.97713
0.965
0.9412
0.97122
0.97789
0.96368
0.93808
0.962
0.96359
0.96692
0.93292
0.97685
0.96521
0.97197
0.96689
0.95587
0.95129
0.97811
0.95769
0.96108
0.98926
0.9662
0.97872
0.98612
0.98028
0.98441
0.97987
0.96272
0.97804
0.96667
0.9693
0.97969
0.97517
0.94874
0.97669
0.97243
0.99072
0.96411
0.97302
0.98816
0.96245
0.97773
0.98295
0.98908
0.98378
0.99312
0.97821
0.98437
0.99092
0.98076
0.97201
0.98889
0.99521
0.96544
0.9618
0.96755
0.96818
0.97272
0.98523
0.98862
0.97361
0.98219
0.97809
0.96371
0.9744
0.98773
0.99313
0.97985
0.98006
0.98485
0.94448
0.98261
0.97854
0.971
0.98511
0.99655
0.98184
0.97969
0.97294
0.98662
0.9805
0.98538
0.99395
0.9853
0.99404
0.98992
0.99212
0.98711
0.97788
0.96194
0.98491
0.9703
0.99214
0.98258
0.99207
0.99117
0.9813
0.98631
0.97722
0.99075
0.98814
0.96287
0.97452
0.97338
0.97706
0.9811
0.9479
0.99487
0.96668
0.95299
0.96296
0.97506
0.97408
0.95239
0.94341
0.96355
0.96017
0.96213
0.97084
0.97203
0.97614
0.98417
0.98584
0.9737
0.99247
0.97603
0.98777
0.94845
0.98249
0.98839
0.97855
0.97146
0.98408
0.98029
0.9564
0.96321
0.9844
0.96659
0.98679
0.97072
0.97137
0.96116
0.97354
0.97962
0.98095
0.96288
0.97248
0.98289
0.9827
0.97422
0.98638
0.94923
0.97145
0.98222
0.95736
0.96711
0.96158
0.97409
0.97122
0.97003
0.96977
0.97328
0.99403
0.96064
0.97287
0.9702
0.96898
0.96003
0.96676
0.98839
0.98371
0.97038
0.97918
0.96478
0.96804
0.97484
0.9837
0.98306
0.93949
0.9723
0.95336
0.9599
0.96224
0.95648
0.9787
0.96989
0.97358
0.97733
0.945
0.9337
0.95546
0.97659
0.9356
0.97768
0.96247
0.96554
0.93121
0.95455
0.97197
0.96766
0.96656
0.91973
0.97532
0.9713
0.9249
0.97335
0.97131
0.97384
0.98361
0.96903
0.98652
0.94497
0.95662
0.95713
0.9297
0.95895
0.95297
0.96185
0.94706
0.97226
0.97329
0.94969
0.96084
0.95981
0.95266
0.95463
0.9444
0.96774
0.95111
0.95167
0.92331
0.9494
0.94988
0.93896
0.96568
0.95993
0.94152
0.95039
0.95147
0.94818
0.93661
0.94235
0.95841
0.96229
0.96096
0.9619
0.9748
0.98189
0.95408
0.96035
0.94662
0.95011
0.9566
0.95173
0.94759
0.95249
0.96022
0.93591
0.95688
0.95689
0.95419
0.96008
0.94831
0.9435
0.96633
0.95853
0.94668
0.96967
0.94135
0.94149
0.94536
0.94679
0.94888
0.94264
0.94964
0.93922
0.96337
0.95415
0.95968
0.96208
0.96028
0.95492
0.95141
0.9534
0.95806
0.94824
0.95826
0.95215
0.94151
0.95228
0.96075
0.97175
0.96863
0.95606
0.95478
0.95276
0.95347
0.94643
0.9645
0.95683
0.96104
0.95642
0.93933
0.9655
0.94235
0.95498
0.96313
0.95215
0.96723
0.95705
0.95112
0.96173
0.95066
0.96347
0.95994
0.96674
0.97219
0.97123
0.96928
0.97528
0.97139
0.98144
0.94807
0.9501
0.97241
0.97029
0.97316
0.96474
0.97733
0.97689
0.9774
0.96242
0.95379
0.97556
0.96649
0.9789
0.97409
0.95688
0.95305
0.97532
0.97121
0.96376
0.96905
0.97034
0.97479
0.94677
0.97646
0.98381
0.96826
0.98247
0.98525
0.96481
0.96573
0.97251
0.95859
0.97157
0.94417
0.97182
0.95482
0.96213
0.96286
0.96546
0.97071
0.9621
0.9782
0.96744
0.94813
0.9698
0.96356
0.96148
0.98349
0.96734
0.9643
0.97427
0.97039
0.97522
0.95683
0.96197
0.96602
0.96716
0.96879
0.94997
0.95962
0.96047
0.95686
0.97061
0.9662
0.96768
0.9685
0.97191
0.98873
0.97515
0.97181
0.98
0.97956
0.97853
0.96732
0.98147
0.96931
0.95852
0.97488
0.97795
0.97211
0.96015
0.96086
0.95467
0.93802
0.9511
0.9506
0.95834
0.94921
0.96598
0.96702
0.94958
0.95
0.95237
0.97396
0.95852
0.969
0.97109
0.97682
0.92955
0.95333
0.95246
0.96118
0.97051
0.9608
0.96297
0.96731
0.95427
0.97687
0.94163
0.95336
0.94883
0.95568
0.97035
0.96235
0.97284
0.95293
0.95418
0.96937
0.96172
0.96607
0.98748
0.98906
0.98378
0.97912
0.99763
0.97566
0.97937
0.96122
0.98411
0.97564
0.9831
0.99157
0.98236
0.98656
0.9615
0.98093
0.98191
0.97073
0.98498
0.98205
0.9671
0.9642
0.97206
0.9887
0.98022
0.98282
0.97171
0.96912
0.97532
0.97303
0.98511
0.97912
0.98195
0.98266
0.98166
0.98392
0.97117
0.98887
0.98019
0.97687
0.98147
0.994
0.98316
0.97375
0.97139
0.98104
0.96861
0.9632
0.97917
0.96759
0.9783
0.9615
0.98442
0.97863
0.97302
0.98393
0.9682
0.97088
0.9513
0.97733
0.97266
0.95686
0.96963
0.98777
0.94091
0.97077
0.99229
0.96996
0.98305
0.98789
0.98917
0.98309
0.98216
0.96288
0.9913
0.97864
0.99439
0.98192
0.97628
0.99288
0.98278
0.9898
0.98962
0.99058
0.99319
0.99579
0.99088
0.98975
0.98028
0.97859
0.99226
0.99087
0.99111
0.99157
0.97223
0.99295
0.9951
0.98583
0.95498
0.99384
0.97796
0.98772
0.98303
0.98499
0.98389
0.98463
0.98736
0.97421
0.9891
0.98722
0.9868
0.98328
0.97051
0.97595
0.97718
0.98956
0.96853
0.9749
0.98391
0.98487
0.96841
0.97657
0.98701
0.99193
0.98973
0.99122
0.98589
0.98846
0.96658
0.98524
0.98908
0.97859
0.99288
0.95747
0.99433
0.99051
0.99511
0.99055
0.98583
0.9935
0.99305
0.98456
0.97149
0.99548
0.97994
0.9953
0.98583
0.98827
0.97766
0.99129
0.98123
0.98615
0.97931
0.99258
0.98676
0.98038
0.98933
0.98558
0.99173
0.9824
0.98762
0.9808
0.96899
0.97624
0.97734
0.97037
0.98468
0.97963
0.97083
0.98931
0.97185
0.98386
0.98169
0.97551
0.97026
0.97421
0.978
0.98901
0.98684
0.98474
0.96703
0.98005
0.9686
0.98733
0.98942
0.98338
0.99103
0.97873
0.9465
0.93864
0.94675
0.94158
0.96307
0.98265
0.95841
0.96609
0.97238
0.9697
0.98215
0.95016
0.93704
0.96942
0.95355
0.96948
0.96189
0.96378
0.97093
0.94644
0.96034
0.95819
0.97479
0.96651
0.95565
0.96321
0.96434
0.96665
0.96046
0.96318
0.95166
0.95745
0.92585
0.9505
0.95262
0.94595
0.96111
0.96955
0.96366
0.96482
0.95148
0.95162
0.95292
0.96665
0.95055
0.95352
0.94199
0.97198
0.95797
0.94458
0.95183
0.94522
0.94926
0.95996
0.9677
0.93836
0.95123
0.9733
0.95227
0.96154
0.95287
0.93141
0.94871
0.94721
0.92599
0.96935
0.95843
0.96779
0.96844
0.94977
0.95334
0.97872
0.96365
0.98344
0.98025
0.95591
0.93828
0.96253
0.95295
0.95139
0.9453
0.98152
0.95003
0.93402
0.94649
0.94889
0.95991
0.96446
0.94098
0.95943
0.94796
0.92113
0.93965
0.95611
0.94149
0.93296
0.95984
0.96661
0.96223
0.98161
0.96753
0.95376
0.96257
0.96274
0.9647
0.97013
0.98773
0.97648
0.96474
0.96056
0.95118
0.96871
0.96414
0.95295
0.97455
0.98745
0.98115
0.98527
0.9773
0.97295
0.98149
0.99187
0.98324
0.98398
0.95173
0.98294
0.98291
0.97618
0.99721
0.96984
0.98961
0.99279
0.97073
0.97168
0.97121
0.9302
0.95872
0.9489
0.9726
0.94387
0.93046
0.92474
0.92018
0.92151
0.92708
0.95142
0.93933
0.95884
0.93291
0.96456
0.92056
0.92044
0.93613
0.95715
0.93585
0.96442
0.94624
0.96547
0.95601
0.95801
0.94939
0.95672
0.94528
0.9388
0.93869
0.91027
0.94387
0.94089
0.93706
0.91236
0.93208
0.94524
0.95306
0.9303
0.95724
0.96431
0.94047
0.93098
0.94918
0.95706
0.9481
0.95406
0.95297
0.94763
0.94936
0.93142
0.94859
0.93861
0.95211
0.9382
0.9473
0.95309
0.93405
0.94715
0.94566
0.96754
0.9589
0.96766
0.97437
0.97923
0.9736
0.97943
0.9507
0.9459
0.95861
0.96371
0.97218
0.95568
0.96507
0.96242
0.96849
0.94679
0.96767
0.95747
