0.023213
0.039554
0.061536
0.055827
0.053695
0.11516
0.066306
0.071953
0.069951
0.077349
0.095812
0.077426
0.024866
0.073753
0.06672
0.063325
0.058941
0.047844
0.072977
0.051649
0.033051
0.0571
0.048975
0.0068637
0.047159
0.032419
0.044313
0.044875
0.050877
0.11961
0.099404
0.11189
0.095475
0.10983
0.018371
0.39842
0.32459
0.29755
0.092986
0.065562
0.085965
0.11139
0.10249
0.085637
0.094268
0.04121
0.37128
0.24225
0.072104
0.18634
0.064803
0.11527
0.11504
0.080221
0.078969
0.090073
0.024191
0.10547
0.096503
0.10541
0.029935
0.031932
0.022449
0.029773
0.031405
0.053609
0.030279
0.052285
0.047545
0.033094
0.050091
0.06033
0.097313
0.11659
0.10203
0.075228
0.03274
0.044378
0.056196
0.060289
0.053569
0.049016
0.053893
0.099103
0.11724
0.11997
0.03472
0.10466
0.041567
0.048342
0.03588
0.014745
0.034345
0.056244
0.11406
0.079833
0.078632
0.030094
0.061635
0.050241
0.034718
0.035817
0.022724
0.040247
0.028985
0.035296
0.035456
0.049078
0.051618
0.035106
0.027262
0.027389
0.038875
0.047399
0.047665
0.045256
0.044422
0.029286
0.041893
0.054024
0.030534
0.037664
0.053047
0.048626
0.05628
0.032288
0.047949
0.050617
0.030614
0.049077
0.0321
0.051473
0.07167
0.037498
0.064116
0.05563
0.037503
0.067942
0.060188
0.054391
0.052944
0.02125
0.040028
0.048226
0.049804
0.043626
0.05176
0.046898
0.050723
0.048755
0.048176
0.051033
0.041951
0.043314
0.082934
0.17391
0.23744
0.04315
0.49798
0.40666
0.1354
0.1884
0.37307
0.135
0.029798
0.34682
0.36987
0.21638
0.052681
0.1539
0.063344
0.2293
0.52233
0.59242
0.59737
0.052571
0.60588
0.64013
0.62132
0.6384
0.62342
0.61181
0.62892
0.60991
0.6254
0.61378
0.02479
0.61807
0.23171
0.6046
0.57332
0.62215
0.62202
0.60673
0.59676
0.6184
0.60607
0.029355
0.58177
0.57381
0.63703
0.63587
0.61874
0.61217
0.64444
0.64051
0.62324
0.63788
0.082723
0.62286
0.62831
0.63388
0.61261
0.64414
0.62184
0.65311
0.60311
0.65216
0.64225
0.11127
0.65232
0.63938
0.61951
0.63187
0.6475
0.66219
0.63601
0.60842
0.63291
0.63121
0.058179
0.632
0.01534
0.62854
0.66822
0.62902
0.61195
0.64039
0.67241
0.66686
0.65145
0.054689
0.65483
0.66786
0.65465
0.61007
0.63035
0.63836
0.61916
0.64507
0.63323
0.6375
0.050265
0.65955
0.64744
0.65951
0.63608
0.62028
0.624
0.66014
0.64587
0.64319
0.66535
0.018327
0.1049
0.62463
0.58268
0.60929
0.64383
0.64411
0.6271
0.64672
0.66014
0.6514
0.62654
0.042695
0.66561
0.65482
0.68482
0.6408
0.65849
0.64801
0.6278
0.6442
0.64621
0.65078
0.085107
0.61391
0.6315
0.63701
0.64073
0.6386
0.61665
0.53763
0.47646
0.56145
0.58981
0.11974
0.40303
0.1798
0.2734
0.40425
0.59579
0.43506
0.58638
0.022499
0.55967
0.51811
0.53432
0.01505
0.5393
0.014987
0.53031
0.52532
0.53211
0.54785
0.028768
0.013711
0.60105
0.60465
0.60484
0.60271
0.60453
0.59878
0.54701
0.5872
0.29763
0.036403
0.029547
0.039719
0.061281
0.055128
0.0485
0.019033
0.051021
0.061369
0.021261
0.035401
0.044821
0.024761
0.094841
0.023598
0.040704
0.038659
0.028388
0.037986
0.032761
0.025088
0.087694
0.026811
0.034165
0.032426
0.096485
0.034762
0.040975
0.0070506
0.02017
0.02813
0.034771
0.031598
0.031915
0.098606
0.031454
0.03016
0.048456
0.030988
0.029949
0.054924
0.081538
0.14149
0.13863
0.06204
0.085446
0.11403
0.13804
0.1062
0.076019
0.090918
0.030384
0.041877
0.031438
0.098153
0.036083
0.059336
0.050333
0.041083
0.094916
0.13044
0.12254
0.14323
0.12368
0.065985
0.038686
0.026476
0.080697
0.048969
0.035265
0.032241
0.036591
0.025128
0.080049
0.046114
0.066218
0.027275
0.064032
0.10221
0.044163
0.022099
0.043324
0.030871
0.05084
0.034923
0.024594
0.059494
0.1448
0.31877
0.066903
0.17243
0.2847
0.086553
0.058135
0.055693
0.063457
0.065708
0.054182
0.044738
0.055621
0.082865
0.046728
0.069003
0.082727
0.034115
0.050405
0.070615
0.20134
0.11875
0.04106
0.037801
0.10671
0.14766
0.16077
0.13292
0.078949
0.069823
0.062214
0.088037
0.05681
0.044437
0.057398
0.046156
0.065224
0.085028
0.047599
0.048161
0.058351
0.1128
0.079024
0.040255
0.06586
0.09268
0.06888
0.056808
0.066099
0.069836
0.041484
0.13189
0.074061
0.12392
0.048439
0.078539
0.056184
0.083815
0.07152
0.043247
0.040675
0.048648
0.099572
0.060961
0.06388
0.11035
0.11254
0.087235
0.080923
0.07328
0.096662
0.050007
0.044968
0.07049
0.061697
0.059335
0.20056
0.077802
0.11558
0.07651
0.071462
0.065001
0.028157
0.070893
0.044223
0.1083
0.08121
0.26236
0.065879
0.079473
0.045924
0.07694
0.048965
0.032935
0.024312
0.079986
0.048544
0.059769
0.11032
0.12804
0.096792
0.050678
0.071454
0.13168
0.1279
0.15695
0.11754
0.069459
0.075961
0.10979
0.024624
0.047679
0.038238
0.025284
0.032692
0.020812
0.037577
0.038103
0.022397
0.0937
0.046236
0.046238
0.022166
0.071988
0.065265
0.04249
0.10855
0.03565
0.045049
0.042516
0.052803
0.08976
0.069269
0.2039
0.11359
0.11972
0.14529
0.1937
0.20324
0.047187
0.041517
0.070031
0.11918
0.064424
0.15293
0.10852
0.086129
0.094185
0.060288
0.056339
0.034148
0.036038
0.066165
0.041782
0.044325
0.044946
0.073894
0.10621
0.11327
0.086915
0.094293
0.098003
0.098767
0.11173
0.11815
0.083116
0.11218
0.12635
0.10226
0.092571
0.085999
0.089943
0.083058
0.077901
0.065047
0.060819
0.09051
0.097747
0.087513
0.086048
0.11931
0.10614
0.054353
0.041965
0.02957
0.041106
0.085558
0.06865
0.08687
0.081774
0.16232
0.084514
0.022333
0.022824
0.033163
0.033449
0.032425
0.029775
0.081337
0.17221
0.13476
0.041702
0.12415
0.046556
0.04393
0.1066
0.13655
0.061469
0.034662
0.070654
0.049765
0.027043
0.16108
0.15725
0.20179
0.096179
0.11104
0.1414
0.092945
0.10164
0.033023
0.10905
0.094687
0.029157
0.078807
0.20598
0.024965
0.035237
0.036477
0.11733
0.069111
0.032197
0.082404
0.031769
0.058749
0.052103
0.073423
0.048747
0.19484
0.17234
0.090307
0.1282
0.059549
0.028715
0.12527
0.086113
0.048124
0.10229
0.10257
0.061214
0.033373
0.11355
0.15696
0.14191
0.02587
0.10575
0.066164
0.093682
0.050205
0.0368
0.036643
0.10173
0.067863
0.085288
0.069896
0.05851
0.091589
0.057333
0.056613
0.047926
0.041219
0.052544
0.034309
0.024505
0.040068
0.044308
0.067155
0.13506
0.078233
0.073538
0.2732
0.07879
0.046367
0.044779
0.049309
0.041517
0.030127
0.080258
0.052413
0.055107
0.062852
0.035036
0.046296
0.08857
0.096154
0.058377
0.10428
0.086809
0.058783
0.039577
0.041142
0.053578
0.042196
0.061992
0.042134
0.051143
0.089219
0.19857
0.15977
0.16983
0.13012
0.12985
0.056161
0.12284
0.098137
0.099027
0.14239
0.06898
0.14267
0.042738
0.028906
0.087779
0.038037
0.03737
0.023548
0.031016
0.025666
0.016367
0.023878
0.052054
0.04463
0.038031
0.044199
0.06258
0.066717
0.13089
0.086957
0.053878
0.032563
0.040463
0.084264
0.030285
0.031325
0.074949
0.10805
0.066225
0.1175
0.058121
0.063416
0.09108
0.053685
0.062898
0.068613
0.099849
0.13309
0.2298
0.037746
0.040521
0.031207
0.038488
0.026487
0.033987
0.031968
0.044392
0.05362
0.035397
0.0329
0.029134
0.034551
0.029011
0.028054
0.031338
0.024874
0.026485
0.031974
0.029035
0.028343
0.023233
0.025874
0.033626
0.029795
0.031371
0.027115
0.037204
0.024088
0.017407
0.028421
0.035914
0.027478
0.027654
0.014289
0.027572
0.023164
0.027777
0.018456
0.020143
0.033268
0.02423
0.021123
0.024498
0.02777
0.035336
0.029769
0.025783
0.024671
0.018672
0.025967
0.02175
0.03359
0.027955
0.035095
0.0234
0.035118
0.032695
0.026646
0.018838
0.018943
0.027545
0.028461
0.030052
0.029781
0.020029
0.022207
0.038757
0.026438
0.035888
0.03212
0.045487
0.045937
0.039583
0.031657
0.035726
0.0351
0.027903
0.061308
0.030521
0.036607
0.061734
0.034451
0.031162
0.044837
0.037473
0.043799
0.068532
0.046409
0.049155
0.038179
0.048645
0.050878
0.061566
0.027023
0.04944
0.051713
0.042682
0.036643
0.049496
0.038342
0.036482
0.045313
0.034458
0.055917
0.055388
0.037718
0.032252
0.039604
0.033462
0.031067
0.029456
0.029518
0.034805
0.037894
0.034907
0.036034
0.035933
0.028636
0.040031
0.04473
0.049716
0.032435
0.040978
0.035026
0.052454
0.041596
0.042315
0.031849
0.048531
0.059377
0.050712
0.060062
0.092726
0.032985
0.069826
0.034799
0.064214
0.044272
0.053741
0.060109
0.049794
0.050823
0.052131
0.086366
0.039351
0.07011
0.044079
0.054327
0.051236
0.064776
0.037669
0.032586
0.042954
0.085047
0.036101
0.040157
0.049339
0.031737
0.032264
0.038428
0.046447
0.027902
0.044217
0.03957
0.038949
0.044027
0.028897
0.021268
0.036606
0.067255
0.044954
0.040085
0.029451
0.052132
0.039169
0.062626
0.046809
0.055144
0.035905
0.052389
0.02829
0.050825
0.041428
0.036164
0.042403
0.04706
0.033004
0.044273
0.029954
0.036519
0.047823
0.042171
0.035483
0.048522
0.038813
0.03238
0.047307
0.035329
0.038475
0.034075
0.033167
0.043911
0.038495
0.037941
0.023377
0.05336
0.038008
0.030528
0.029844
0.027408
0.029907
0.035306
0.05276
0.044481
0.045067
0.024882
0.045352
0.031141
0.036229
0.031011
0.042657
0.060638
0.046246
0.048654
0.036849
0.031668
0.03222
0.037862
0.019288
0.035897
0.039536
0.034988
0.018971
0.028968
0.033026
0.035117
0.027673
0.027328
0.5166
0.45173
0.36059
0.55436
0.61075
0.60504
0.62066
0.61077
0.59657
0.6049
0.57735
0.58059
0.48917
0.63763
0.65266
0.63723
0.58786
0.38707
0.36514
0.38148
0.38039
0.43599
0.49854
0.40223
0.39915
0.3097
0.33601
0.26505
0.3003
0.27501
0.51078
0.47284
0.44928
0.57665
0.45136
0.56221
0.59718
0.57433
0.60194
0.50525
0.49899
0.60176
0.52544
0.54451
0.55378
0.42178
0.54601
0.54894
0.55308
0.54121
0.54164
0.46477
0.40963
0.52019
0.48359
0.51713
0.43499
0.47127
0.49314
0.47062
0.59833
0.54296
0.5547
0.57662
0.39784
0.43689
0.47229
0.43855
0.57328
0.47055
0.35798
0.50117
0.51325
0.47027
0.50976
0.52753
0.56266
0.37112
0.46008
0.34598
0.41153
0.41141
0.39445
0.3822
0.33138
0.30056
0.32154
0.33555
0.28202
0.4911
0.37549
0.36778
0.41068
0.35684
0.36949
0.40421
0.38205
0.39837
0.3364
0.3699
0.48785
0.42049
0.42295
0.40947
0.36659
0.37692
0.37371
0.29238
0.19699
0.21356
0.31774
0.41646
0.4861
0.17414
0.10621
0.10226
0.20776
0.22012
0.30546
0.34946
0.34555
0.31498
0.34385
0.52898
0.3545
0.29419
0.31062
0.25638
0.24981
0.21388
0.26325
0.28705
0.34203
0.33232
0.50449
0.33757
0.36014
0.36671
0.34317
0.30479
0.24999
0.33369
0.22079
0.36574
0.2976
0.48902
0.26443
0.33882
0.31951
0.26166
0.18742
0.26964
0.30777
0.27833
0.51226
0.54267
0.41309
0.44358
0.4348
0.35864
0.47053
0.41002
0.4042
0.41438
0.49306
0.41079
0.48709
0.49611
0.50025
0.50131
0.44506
0.43639
0.46438
0.51189
0.42558
0.36111
0.33882
0.45805
0.47272
0.42943
0.43945
0.47722
0.46811
0.47994
0.49615
0.45303
0.47122
0.48346
0.46762
0.46675
0.48048
0.51287
0.50024
0.50073
0.47657
0.50044
0.49488
0.52242
0.50779
0.53462
0.50623
0.3773
0.41972
0.50039
0.40016
0.58015
0.54119
0.50675
0.40795
0.46616
0.47159
0.4109
0.43945
0.44007
0.48157
0.40593
0.46297
0.52639
0.51361
0.57392
0.56322
0.45005
0.42934
0.38471
0.49698
0.47914
0.44977
0.56189
0.55757
0.54996
0.57143
0.63897
0.61015
0.58525
0.57638
0.5856
0.3701
0.085539
0.074551
0.055692
0.04841
0.06899
0.063757
0.078846
0.065548
0.05633
0.095532
0.056706
0.031361
0.071982
0.061819
0.057641
0.043529
0.033797
0.071004
0.08943
0.05412
0.063474
0.1212
0.058105
0.072867
0.078458
0.071754
0.078275
0.10682
0.11485
0.085095
0.098859
0.11412
0.071566
0.092109
0.03293
0.060854
0.053304
0.069293
0.056154
0.061682
0.087457
0.077802
0.088108
0.077447
0.074892
0.051853
0.066641
0.10201
0.080472
0.050775
0.047407
0.054936
0.052614
0.068061
0.058241
0.036016
0.061335
0.070381
0.041587
0.039756
0.050401
0.041829
0.045505
0.062582
0.067556
0.054922
0.097359
0.043218
0.072983
0.054577
0.046388
0.070736
0.057029
0.065946
0.052616
0.072832
0.076693
0.066551
0.058024
0.037928
0.052759
0.030362
0.065678
0.051353
0.093501
0.074282
0.090704
0.10327
0.049543
0.05055
0.050022
0.047049
0.075407
0.085094
0.079366
0.097223
0.054892
0.069144
0.078889
0.052134
0.10328
0.091752
0.045831
0.046777
0.042223
0.04684
0.067465
0.077631
0.085838
0.081996
0.063677
0.059776
0.061874
0.046815
0.074171
0.056419
0.053462
0.10309
0.095458
0.086346
0.082832
0.11161
0.12854
0.083608
0.068772
0.10231
0.068399
0.07593
0.058817
0.047834
0.058785
0.061754
0.082563
0.11169
0.1379
0.075044
0.075357
0.073356
0.11073
0.086256
0.08995
0.066337
0.075935
0.066267
0.081962
0.066588
0.055493
0.066026
0.058712
0.046534
0.042147
0.044745
0.066188
0.081767
0.046546
0.10978
0.031747
0.045884
0.039407
0.043829
0.027578
0.046728
0.073153
0.074473
0.072339
0.04494
0.058791
0.061724
0.10372
0.11346
0.082045
0.058532
0.074371
0.055748
0.07104
0.10095
0.049837
0.033929
0.042673
0.044625
0.052203
0.067885
0.045571
0.050233
0.051993
0.057703
0.060008
0.090719
0.048617
0.054173
0.040218
0.058654
0.060155
0.042633
0.027994
0.033041
0.056002
0.054224
0.085391
0.068969
0.047028
0.093486
0.033479
0.066541
0.068978
0.086363
0.087037
0.08283
0.084075
0.083004
0.073542
0.035436
0.040374
0.045751
0.040316
0.013139
0.026361
0.029269
0.037659
0.042379
0.05682
0.041303
0.034004
0.03743
0.022017
0.030555
0.041586
0.038387
0.039281
0.030748
0.027502
0.069072
0.032923
0.050299
0.03883
0.035151
0.033907
0.038115
0.038794
0.028346
0.030321
0.042071
0.074782
0.027922
0.029457
0.036663
0.02451
0.036766
0.031129
0.039988
0.04363
0.037964
0.045204
0.041504
0.043228
0.037783
0.047406
0.045869
0.054974
0.056111
0.076927
0.063642
0.035128
0.039314
0.060385
0.037572
0.037739
0.043811
0.033084
0.038379
0.040094
0.053645
0.032983
0.040279
0.030545
0.050441
0.065558
0.044567
0.055108
0.067056
0.053997
0.047343
0.055815
0.049975
0.066604
0.057795
0.055219
0.061577
0.053185
0.060908
0.053199
0.092039
0.065833
0.077318
0.057312
0.059337
0.081654
0.055581
0.069858
0.074365
0.082041
0.092756
0.035502
0.060988
0.080335
0.051515
0.082044
0.083454
0.041458
0.070522
0.086336
0.066258
0.074389
0.038641
0.070063
0.056741
0.052021
0.037578
0.044651
0.035484
0.041211
0.040596
0.039289
0.038394
0.04193
0.037266
0.035202
0.024425
0.037963
0.03815
0.040335
0.049069
0.043676
0.023818
0.023658
0.066461
0.031461
0.020833
0.024868
0.035416
0.046808
0.072875
0.06436
0.065362
0.05301
0.041964
0.078506
0.049081
0.041911
0.034433
0.040744
0.075836
0.046857
0.029582
0.037895
0.039933
0.039315
0.077673
0.044221
0.039116
0.052888
0.05419
0.058165
0.058272
0.06276
0.057368
0.059602
0.062786
0.090173
0.074488
0.028476
0.032911
0.027782
0.013675
0.023846
0.01828
0.042445
0.037601
0.028654
0.023458
0.06902
0.028229
0.034176
0.025078
0.036003
0.026524
0.02454
0.031267
0.04809
0.060438
0.065542
0.071028
0.076818
0.055289
0.044301
0.056911
0.042268
0.051627
0.067461
0.050557
0.04022
0.062662
0.051896
0.043678
0.055189
0.021016
0.0291
0.047502
0.040959
0.047875
0.039082
0.040438
0.031432
0.060283
0.027646
0.051204
0.046563
0.034394
0.0492
0.041071
0.031178
0.037192
0.029805
0.037533
0.055998
0.025764
0.048351
0.040015
0.038351
0.046217
0.036507
0.030685
0.035544
0.03751
0.042675
0.040149
0.036805
0.051602
0.060462
0.074296
0.090665
0.07197
0.06285
0.070069
0.081011
0.071648
0.05922
0.069079
0.06032
0.054793
0.066691
0.068658
0.072131
0.084205
0.056167
0.081773
0.07714
0.026588
0.071879
0.064754
0.055345
0.076361
0.099683
0.056403
0.071237
0.053069
0.039869
0.05039
0.03399
0.049558
0.067483
0.057785
0.058478
0.057403
0.057819
0.062329
0.079642
0.074085
0.064549
0.075966
0.029797
0.064781
0.048851
0.064956
0.051953
0.052266
0.052315
0.058799
0.039884
0.073231
0.054958
0.039715
0.059597
0.061659
0.059121
0.062623
0.06423
0.056828
0.060569
0.045749
0.042265
0.043524
0.037064
0.059857
0.04768
0.05114
0.061993
0.051172
0.045167
0.06247
0.061442
0.048545
0.031791
0.022629
0.053288
0.049869
0.03355
0.029076
0.043799
0.02922
0.025964
0.016586
0.095983
0.033027
0.047632
0.041217
0.031301
0.016871
0.015447
0.042889
0.035105
0.02666
0.039813
0.077615
0.041415
0.038487
0.040328
0.029174
0.0452
0.040257
0.026496
0.032966
0.048406
0.025049
0.094606
0.033371
0.034754
0.037471
0.040589
0.032554
0.036903
0.044075
0.030552
0.041512
0.029726
0.093226
0.039986
0.047858
0.026044
0.042618
0.066023
0.041895
0.042826
0.050439
0.054825
0.041274
0.085431
0.032738
0.054802
0.038272
0.037765
0.057399
0.048512
0.075161
0.038195
0.025938
0.046336
0.08878
0.041724
0.042033
0.049122
0.049576
0.05489
0.03103
0.043155
0.025613
0.032575
0.045185
0.077634
0.047055
0.030018
0.03979
0.036096
0.037492
0.03403
0.023732
0.037808
0.039955
0.027673
0.024471
0.030903
0.026704
0.031268
0.038792
0.035767
0.036884
0.022103
0.03915
0.038453
0.040251
0.029325
0.025025
0.043721
0.038383
0.039628
0.032791
0.037137
0.036189
0.049858
0.046969
0.035333
0.036991
0.028508
0.039671
0.043373
0.040026
0.036163
0.027332
0.032651
0.033841
0.025744
0.034243
0.034618
0.032237
0.024186
0.033261
0.028593
0.034423
0.029471
0.021661
0.03729
0.044082
0.046063
0.037499
0.034855
0.033463
0.035799
0.032808
0.034286
0.039617
0.031827
0.029499
0.04839
0.053578
0.055343
0.03686
0.049102
0.04737
0.04745
0.050062
0.019057
0.023446
0.020706
0.019691
0.038253
0.039876
0.036983
0.034902
0.058119
0.02669
0.019362
0.015795
0.029846
0.033961
0.038757
0.032129
0.039427
0.031759
0.042886
0.039096
0.034946
0.039467
0.032248
0.039589
0.028029
0.022783
0.023071
0.02984
0.040605
0.027598
0.02873
0.01759
0.028979
0.026261
0.031528
0.043332
0.040984
0.037168
0.039546
0.024235
0.040412
0.042115
0.047452
0.044
0.024584
0.030297
0.022473
0.02709
0.025858
0.030004
0.028964
0.022166
0.026095
0.026193
0.032788
0.019057
0.030502
0.030654
0.040543
0.028704
0.028482
0.031172
0.027936
0.050867
0.043937
0.042349
0.043289
0.037059
0.01616
0.021805
0.041293
0.022093
0.015762
0.026162
0.038805
0.037695
0.044277
0.047226
0.047647
0.043964
0.037405
0.049402
0.048448
0.029228
0.021844
0.042634
0.037784
0.037531
0.036506
0.032696
0.031596
0.034024
0.030093
0.039749
0.028132
0.013759
0.018303
0.025179
0.039154
0.049423
0.044177
0.041073
0.013917
0.034556
0.034754
0.052407
0.024945
0.031752
0.034552
0.031117
0.035224
0.0282
0.02181
0.028224
0.033184
0.032927
0.045888
0.026639
0.045376
0.031085
0.024758
0.033136
0.030637
0.032135
0.045845
0.026252
0.026587
0.036138
0.01747
0.15792
0.10408
0.19736
0.041523
0.1074
0.018315
0.036538
0.07118
0.070536
0.060799
0.03307
0.042459
0.048659
0.026804
0.034012
0.037399
0.093379
0.23112
0.063842
0.0013979
0.7309
0.030744
0.37715
0.014918
0.041257
0.03618
0.064435
0.036747
0.041369
0.034248
0.025436
0.026343
0.033564
0.027626
0.022014
0.022323
0.025907
0.020566
0.022163
0.024716
0.029141
0.035526
0.034891
0.024182
0.030762
0.041219
0.036775
0.030443
0.046569
0.028159
0.026469
0.020267
0.02471
0.035408
0.071018
0.054193
0.025919
0.050988
0.035654
0.045153
0.037894
0.02227
0.037616
0.047691
0.044463
0.039178
0.037321
0.055526
0.049618
0.052878
0.049601
0.046054
0.021156
0.049567
0.052394
0.053062
0.03289
0.049895
0.044885
0.06291
0.05112
0.034897
0.035502
0.0143
0.037945
0.049647
0.036983
0.039548
0.045226
0.023812
0.039406
0.049067
0.047379
0.037851
0.012036
0.040229
0.044764
0.029559
0.029998
0.034106
0.03459
0.025463
0.019994
0.031513
0.028699
0.021941
0.014893
0.063958
0.050962
0.03077
0.044483
0.065234
0.051092
0.041621
0.032995
0.033072
0.044859
0.03192
0.076155
0.074084
0.087899
0.041804
0.025899
0.049763
0.064752
0.037425
0.035978
0.041726
0.091002
0.057836
0.055677
0.045022
0.068877
0.065462
0.042135
0.046035
0.029322
0.039269
0.049033
0.072311
0.057938
0.023141
0.020822
0.024479
0.022198
0.023034
0.029144
0.048492
0.050258
0.049457
0.074016
0.056412
0.054512
0.043266
0.024845
0.024853
0.048259
0.035719
0.037554
0.037586
0.038312
0.10044
0.038965
0.043851
0.029579
0.034539
0.047176
0.028139
0.014251
0.014338
0.011772
0.020126
0.018538
0.018101
0.023739
0.023047
0.023123
0.026408
0.017723
0.023929
0.015388
0.023991
0.01024
0.020032
0.023949
0.027761
0.022583
0.031598
0.026158
0.027782
0.028096
0.037683
0.041779
0.029809
0.041592
0.026759
0.024852
0.012722
0.0084725
0.015585
0.026618
0.05399
0.06626
0.081748
0.06118
0.054124
0.08782
0.092301
0.069818
0.094093
0.082121
0.080536
0.06008
0.084314
0.08834
0.07835
0.02008
0.066918
0.089601
0.080506
0.041187
0.039906
0.045729
0.049847
0.055233
0.057193
0.06171
0.083706
0.086423
0.1112
0.049618
0.071016
0.11227
0.080788
0.11113
0.097519
0.071466
0.082536
0.081458
0.075755
0.062384
0.065977
0.074249
0.067009
0.079972
0.074015
0.06999
0.045858
0.054049
0.053237
0.09792
0.089389
0.072332
0.10277
0.042872
0.070392
0.071191
0.075082
0.033895
0.02442
0.011517
0.031508
0.013861
0.0098917
0.014835
0.0059874
0.024967
0.021735
0.017729
0.026245
0.023941
0.037384
0.017751
0.018649
0.016125
0.011992
0.011317
0.024757
0.031611
0.034902
0.041011
0.052716
0.068648
0.032232
0.040623
0.028902
0.044386
0.030388
0.021233
0.033103
0.027593
0.020603
0.024214
0.045492
0.022882
0.019807
0.022144
0.019226
0.035472
0.046722
0.040621
0.04275
0.016589
0.017968
0.066708
0.022165
0.043185
0.048222
0.026635
0.037661
0.022272
0.013873
0.027335
0.026749
0.034378
0.049411
0.020131
0.033326
0.032521
0.022241
0.026813
0.040701
0.026988
0.025697
0.018608
0.019748
0.02224
0.031291
0.027464
0.026616
0.017568
0.02993
0.016216
0.0433
0.060438
0.050034
0.059924
0.010337
0.012207
0.015176
0.017545
0.013984
0.011501
0.018537
0.02015
0.014126
0.014045
0.013767
0.017556
0.026196
0.01541
0.012855
0.018059
0.016879
0.013331
0.017755
0.017235
0.0065589
0.018587
0.017699
0.012442
0.020446
0.020525
0.022169
0.013148
0.0069646
0.0074448
0.010012
0.015584
0.012262
0.010398
0.014238
0.021085
0.017597
0.0062377
0.015715
0.011251
0.020073
0.014937
0.017495
0.022316
0.027724
0.010421
0.023955
0.025774
0.0072649
0.0077608
0.0099293
0.020678
0.026955
0.019871
0.020986
0.02308
0.013861
0.01403
0.016261
0.022052
0.02492
0.010437
0.018768
0.025345
0.016197
0.038218
0.026771
0.012515
0.042298
0.028214
0.025007
0.042504
0.057904
0.038816
0.045566
0.049714
0.041945
0.044079
0.017048
0.071605
0.050022
0.042461
0.06851
0.034757
0.048796
0.058814
0.078211
0.041463
0.04458
0.020332
0.039467
0.048058
0.054335
0.047489
0.12778
0.10902
0.078762
0.078986
0.032268
0.059342
0.013746
0.08378
0.057951
0.11672
0.12221
0.12224
0.10948
0.074025
0.042822
0.028332
0.050892
0.020302
0.015073
0.069236
0.07984
0.095093
0.069572
0.031478
0.041857
0.065306
0.11669
0.13573
0.11451
0.010645
0.11748
0.10613
0.12117
0.068514
0.036803
0.038136
0.033205
0.076327
0.048996
0.02105
0.0046955
0.029984
0.050623
0.054132
0.044858
0.14507
0.11347
0.13861
0.17416
0.085978
0.16101
0.017077
0.14979
0.081932
0.017151
0.019682
0.019936
0.013022
0.0091031
0.01164
0.0073517
0.012664
0.022342
0.014873
0.015447
0.012612
0.016469
0.0091391
0.020936
0.014366
0.012948
0.019478
0.010863
0.021027
0.011615
0.016119
0.0087702
0.015681
0.0095538
0.010424
0.027798
0.01743
0.027429
0.013214
0.014635
0.012593
0.022507
0.038607
0.036471
0.006042
0.01286
0.011784
0.014473
0.017825
0.02048
0.0075152
0.018267
0.018323
0.01403
0.020265
0.015709
0.019944
0.016932
0.014987
0.021564
0.020591
0.034451
0.029539
0.01379
0.031183
0.031646
0.026184
0.041445
0.023976
0.034348
0.023898
0.037321
0.065599
0.039389
0.056027
0.042719
0.041049
0.067768
0.015679
0.033065
0.022702
0.013017
0.029041
0.018087
0.021986
0.042286
0.016358
0.015125
0.015015
0.020538
0.015874
0.014196
0.018331
0.028256
0.027215
0.031567
0.032795
0.034115
0.040474
0.047019
0.030191
0.04254
0.045764
0.039161
0.031066
0.046643
0.047649
0.039311
0.040776
0.050651
0.036882
0.042267
0.025318
0.042335
0.036386
0.046293
0.030832
0.037133
0.042155
0.039631
0.048216
0.038504
0.050902
0.048629
0.030827
0.039776
0.037968
0.054492
0.063369
0.03252
0.045295
0.028935
0.041493
0.034691
0.03729
0.03758
0.040512
0.032009
0.03471
0.040855
0.039226
0.036159
0.035101
0.037694
0.050028
0.021025
0.035548
0.036874
0.020286
0.029194
0.035856
0.045307
0.034478
0.031248
0.050231
0.037566
0.037877
0.038606
0.038886
0.047235
0.040138
0.05055
0.032764
0.037914
0.021962
0.024669
0.032
0.036627
0.029031
0.051414
0.030461
0.039812
0.03883
0.065981
0.05139
0.031311
0.026018
0.036614
0.029826
0.032502
0.029576
0.030008
0.026417
0.027392
0.041701
0.038602
0.047115
0.037286
0.046928
0.043868
0.037347
0.040262
0.031613
0.033025
0.050984
0.035422
0.044768
0.059449
0.045291
0.033774
0.043603
0.033545
0.042291
0.031996
0.033131
0.034064
0.045038
0.041259
0.033872
0.046214
0.036342
0.050029
0.030253
0.031223
0.03891
0.032351
0.037672
0.035645
0.038486
0.046361
0.033641
0.032412
0.037404
0.05139
0.043124
0.033914
0.029142
0.053764
0.053126
0.043492
0.049595
0.044044
0.040496
0.025573
0.029928
0.038562
0.027765
0.036454
0.034336
0.023688
0.033482
0.022758
0.038749
0.018728
0.029425
0.037628
0.047071
0.032632
0.041239
0.041814
0.047218
0.044179
0.048388
0.04154
0.037757
0.008499
0.041931
0.039142
0.045222
0.049268
0.050864
0.053345
0.05198
0.045827
0.033567
0.042282
0.039231
0.035194
0.029689
0.036902
0.04406
0.024858
0.031971
0.03053
0.04558
0.051868
0.044156
0.037137
0.053715
0.052543
0.041504
0.053068
0.053583
0.051938
0.038461
0.031398
0.039414
0.038577
0.04455
0.024584
0.055871
0.034469
0.044404
0.041871
0.036065
0.041132
0.045742
0.035839
0.043629
0.046425
0.037706
0.03732
0.036805
0.040167
0.040447
0.039729
0.028341
0.045759
0.035644
0.030951
0.038728
0.034675
0.040707
0.030196
0.036741
0.033733
0.043361
0.047221
0.052478
0.043705
0.034521
0.038872
0.026903
0.02705
0.037567
0.079507
0.059626
0.068939
0.074378
0.058094
0.065446
0.051362
0.052878
0.057253
0.058254
0.11218
0.059836
0.062317
0.047747
0.064096
0.060317
0.071299
0.047015
0.053591
0.063668
0.061248
0.06693
0.092022
0.06926
0.058486
0.049067
0.048295
0.043274
0.022694
0.070677
0.06985
0.044922
0.035728
0.099901
0.073921
0.097627
0.065245
0.055522
0.044747
0.058936
0.065983
0.064341
0.068222
0.017932
0.035868
0.055532
0.043653
0.038585
0.051861
0.039334
0.032929
0.030234
0.030216
0.048168
0.075078
0.050165
0.039581
0.051681
0.043294
0.034254
0.021594
0.037515
0.036246
0.016489
0.043653
0.062331
0.041285
0.066823
0.042637
0.039166
0.033157
0.045618
0.021525
0.035968
0.043083
0.052737
0.033086
0.041738
0.050395
0.023967
0.028816
0.058743
0.047989
0.049105
0.049921
0.042808
0.038575
0.036691
0.03906
0.059723
0.030749
0.050295
0.027174
0.036896
0.039586
0.021786
0.066518
0.032411
0.061019
0.065981
0.087457
0.067825
0.076565
0.10252
0.08901
0.068685
0.089165
0.092155
0.069211
0.073242
0.085025
0.065558
0.07099
0.070609
0.084008
0.080823
0.046913
0.056347
0.077481
0.043794
0.061737
0.06842
0.044152
0.071682
0.073772
0.053661
0.066649
0.055205
0.074697
0.075411
0.056953
0.07278
0.04996
0.070066
0.072411
0.10318
0.058234
0.068237
0.09083
0.089647
0.084555
0.13687
0.10941
0.073983
0.08545
0.065454
0.093876
0.060215
0.037294
0.088011
0.078605
0.073231
0.10407
0.014171
0.051472
0.030463
0.018215
0.059275
0.041821
0.041418
0.030709
0.047204
0.053333
0.050278
0.040934
0.081973
0.042778
0.04093
0.024883
0.052192
0.079741
0.077866
0.069576
0.05516
0.067809
0.060927
0.040763
0.061302
0.061262
0.066993
0.070236
0.055433
0.053441
0.0589
0.052383
0.06486
0.076115
0.062
0.042199
0.04611
0.041471
0.011761
0.062929
0.041418
0.036791
0.038819
0.064522
0.03666
0.061691
0.051117
0.0414
0.049385
0.088763
0.034341
0.045276
0.084293
0.046305
0.078091
0.057239
0.080006
0.035551
0.078695
0.089277
0.092686
0.099506
0.068603
0.063741
0.034117
0.064523
0.03502
0.075381
0.088402
0.053347
0.076527
0.059086
0.087066
0.065564
0.049733
0.046015
0.069185
0.085242
0.037888
0.080699
0.058557
0.09757
0.063808
0.095296
0.096426
0.072135
0.057885
0.075185
0.079835
0.097623
0.10683
0.086709
0.074305
0.10638
0.10346
0.11299
0.12485
0.10595
0.079617
0.078173
0.091645
0.087091
0.11989
0.08537
0.095371
0.060101
0.065239
0.069011
0.096753
0.097408
0.083084
0.082302
0.075101
0.088113
0.030384
0.073698
0.073642
0.11027
0.065229
0.096558
0.057382
0.12053
0.08114
0.11916
0.11711
0.047164
0.11638
0.12123
0.093408
0.10436
0.10557
0.15119
0.16495
0.14249
0.12928
0.1339
0.026512
0.14056
0.10315
0.1353
0.16031
0.0787
0.12369
0.11891
0.10946
0.13045
0.099465
0.022275
0.12615
0.13394
0.13657
0.16245
0.12892
0.068205
0.11226
0.12664
0.10398
0.10031
0.028392
0.1933
0.12557
0.16638
0.19562
0.15678
0.12652
0.13182
0.080467
0.05214
0.060715
0.04501
0.063169
0.067389
0.084786
0.036934
0.022593
0.023716
0.028816
0.019012
0.029652
0.029865
0.024601
0.021814
0.019495
0.025739
0.022393
0.026314
0.023587
0.02291
0.035769
0.025171
0.039269
0.064648
0.031083
0.024433
0.03935
0.029117
0.029482
0.022027
0.020313
0.024599
0.020582
0.022494
0.037236
0.027705
0.025168
0.048055
0.036348
0.028507
0.026328
0.049543
0.045049
0.055954
0.049816
0.063395
0.059391
0.073258
0.0652
0.069268
0.060188
0.061475
0.053888
0.055783
0.071825
0.075382
0.053199
0.042154
0.049295
0.038007
0.056615
0.077723
0.061582
0.085779
0.074824
0.061262
0.079487
0.11297
0.069713
0.058125
0.071876
0.028878
0.057891
0.079686
0.1132
0.07127
0.048056
0.042972
0.066952
0.081001
