0.055556
0.12443
0.12781
0.12812
0.11072
0.10894
0.073499
0.12867
0.11821
0.052957
0.14911
0.1685
0.10321
0.21728
0.19542
0.10696
0.22269
0.18495
0.16482
0.18848
0.099304
0.10428
0.18279
0.026219
0.15229
0.1773
0.13042
0.1498
0.19723
0.073265
0.098677
0.21213
0.13743
0.10986
0.035653
0.082752
0.13583
0.067366
0.16312
0.15037
0.1294
0.10994
0.13327
0.1239
0.16939
0.11107
0.14203
0.18924
0.18274
0.16839
0.15371
0.1478
0.041446
0.16772
0.15522
0.21558
0.071056
0.15483
0.14965
0.16631
0.12663
0.11516
0.21435
0.19749
0.16536
0.18154
0.17817
0.11391
0.21995
0.21516
0.22665
0.25067
0.14873
0.18569
0.13137
0.15429
0.22231
0.12778
0.1396
0.17513
0.23339
0.12721
0.25152
0.24519
0.24356
0.10812
0.19103
0.17644
0.17963
0.016005
0.20533
0.2078
0.10576
0.084681
0.1353
0.26745
0.23611
0.26927
0.28248
0.18923
0.14179
0.25358
0.17651
0.172
0.16357
0.14964
0.074388
0.19165
0.14599
0.25241
0.25388
0.0083509
0.11324
0.17684
0.08475
0.10834
0.1014
0.063429
0.072634
0.073354
0.13414
0.15336
0.032854
0.08188
0.12711
0.082159
0.043171
0.12116
0.056683
0.094669
0.090953
0.12453
0.094755
0.038153
0.14822
0.086171
0.14916
0.042209
0.083814
0.032127
0.047824
0.051831
0.18219
0.1328
0.023377
0.03707
0.076623
0.084401
0.067565
0.055538
0.096462
0.043167
0.086931
0.095753
0.066383
0.10181
0.09377
0.079359
0.078547
0.083251
0.088079
0.074493
0.051648
0.089515
0.087721
0.16624
0.14238
0.12725
0.086251
0.14174
0.11545
0.12769
0.062918
0.025266
0.049363
0.068155
0.042626
0.12695
0.12917
0.081256
0.038946
0.15062
0.17445
0.17343
0.050767
0.17449
0.12706
0.16999
0.15518
0.17313
0.099461
0.16142
0.13611
0.13181
0.13776
0.13197
0.12445
0.060545
0.10965
0.1536
0.16354
0.055801
0.065702
0.045867
0.036104
0.079579
0.019765
0.024686
0.077172
0.072667
0.035702
0.056443
0.017193
0.037197
0.066345
0.052763
0.054522
0.073424
0.07563
0.06701
0.078861
0.053556
0.016337
0.070318
0.034941
0.041
0.028847
0.069529
0.02173
0.025789
0.070886
0.064559
0.08071
0.10955
0.096377
0.036733
0.095273
0.068215
0.10755
0.067882
0.05448
0.08133
0.045445
0.024026
0.072933
0.10891
0.030705
0.075502
0.092809
0.11261
0.061303
0.037624
0.0289
0.070758
0.060199
0.077721
0.020362
0.039383
0.083549
0.03785
0.054472
0.064448
0.033
0.06139
0.014393
0.024639
0.01841
0.018124
0.090289
0.048771
0.040699
0.039966
0.022678
0.047927
0.021428
0.025064
0.034326
0.046877
0.020519
0.064686
0.024754
0.02848
0.042737
0.030851
0.02327
0.054035
0.010965
0.02024
0.025412
0.038393
0.017866
0.025602
0.10024
0.036899
0.03212
0.026318
0.034158
0.029367
0.074254
0.023396
0.011323
0.030678
0.031973
0.0639
0.10316
0.040023
0.07719
0.060187
0.091132
0.14235
0.04909
0.052976
0.15519
0.12801
0.19973
0.15448
0.14826
0.2106
0.11362
0.1457
0.09465
0.090989
0.036914
0.13171
0.016647
0.067456
0.016414
0.068812
0.069193
0.068284
0.034678
0.030897
0.043305
0.039281
0.082568
0.017763
0.024232
0.032609
0.044386
0.061374
0.097744
0.022835
0.11547
0.02055
0.11294
0.043639
0.047891
0.1306
0.17959
0.034421
0.026955
0.16217
0.039586
0.013292
0.038885
0.12752
0.10564
0.088861
0.031885
0.068245
0.11177
0.10127
0.063432
0.071197
0.09588
0.080033
0.037114
0.051596
0.068777
0.091863
0.028312
0.075045
0.07311
0.020228
0.055672
0.06022
0.037988
0.051668
0.066548
0.19451
0.17927
0.20337
0.12638
0.085091
0.08316
0.11425
0.080359
0.16493
0.12927
0.063276
0.14998
0.11026
0.11756
0.098189
0.07933
0.062048
0.11003
0.214
0.20267
0.1036
0.12597
0.19613
0.32486
0.34664
0.32785
0.27898
0.17957
0.18266
0.17476
0.041813
0.046533
0.070906
0.079143
0.046792
0.17574
0.17811
0.20241
0.21659
0.22139
0.26363
0.24705
0.31617
0.038165
0.2594
0.15541
0.13168
0.21156
0.26746
0.13182
0.35189
0.28464
0.42281
0.22677
0.038378
0.50757
0.35229
0.49153
0.35222
0.32665
0.14646
0.40868
0.20529
0.30856
0.28142
0.088901
0.23919
0.23852
0.53806
0.49937
0.52026
0.40816
0.31574
0.243
0.11003
0.2228
0.084342
0.065247
0.19613
0.30338
0.48763
0.40831
0.35284
0.43905
0.43202
0.33328
0.284
0.066881
0.24875
0.05945
0.064221
0.076054
0.067842
0.091541
0.066731
0.073928
0.045678
0.033569
0.049862
0.021489
0.020924
0.053797
0.028956
0.075511
0.039232
0.060339
0.039788
0.054916
0.057027
0.11942
0.060589
0.063944
0.13438
0.1254
0.05607
0.031171
0.061921
0.047082
0.070424
0.14789
0.13205
0.1917
0.098165
0.12286
0.08604
0.20618
0.093351
0.15515
0.10608
0.13201
0.11389
0.17207
0.10575
0.12314
0.12392
0.097084
0.088238
0.13427
0.11249
0.15074
0.05748
0.032675
0.081657
0.10108
0.019561
0.099622
0.03738
0.14817
0.1519
0.085678
0.18019
0.11813
0.13457
0.14124
0.11058
0.13876
0.060711
0.099264
0.1922
0.15749
0.13335
0.13244
0.10945
0.14275
0.12659
0.09613
0.14192
0.096257
0.067978
0.091344
0.1225
0.11373
0.1062
0.089425
0.12908
0.28544
0.21125
0.18685
0.058329
0.049297
0.080837
0.071789
0.090435
0.05305
0.043663
0.08533
0.071301
0.12181
0.14315
0.15674
0.16439
0.14011
0.18156
0.20069
0.21989
0.14615
0.16701
0.077664
0.18505
0.10739
0.11334
0.11619
0.16402
0.1139
0.12487
0.13794
0.084223
0.094654
0.14574
0.07448
0.1166
0.18623
0.023945
0.17686
0.15436
0.1968
0.086926
0.11994
0.13574
0.14348
0.14639
0.12429
0.06543
0.030144
0.09613
0.023684
0.19321
0.1574
0.14036
0.070238
0.053878
0.095622
0.15107
0.14575
0.073267
0.17217
0.15893
0.16863
0.10969
0.13502
0.14182
0.10768
0.095627
0.10235
0.049893
0.10993
0.059573
0.06112
0.061037
0.078451
0.056855
0.061328
0.054504
0.096263
0.1078
0.06865
0.11442
0.058568
0.077686
0.10895
0.088601
0.070987
0.07367
0.083202
0.074042
0.058071
0.074402
0.093549
0.034804
0.034745
0.057818
0.14876
0.077441
0.19856
0.14928
0.16872
0.11855
0.10999
0.10104
0.096444
0.05515
0.02046
0.12844
0.14515
0.090797
0.14396
0.10578
0.12832
0.095536
0.056111
0.10541
0.084726
0.092171
0.052847
0.086854
0.08404
0.022627
0.090693
0.08275
0.093256
0.093477
0.10537
0.091781
0.10291
0.043839
0.048777
0.14299
0.04993
0.030909
0.038977
0.047675
0.08025
0.05859
0.10508
0.095242
0.12891
0.12793
0.14138
0.11538
0.073808
0.054269
0.03075
0.017972
0.019306
0.029307
0.041243
0.029122
0.041135
0.073322
0.028041
0.022678
0.025908
0.080486
0.1534
0.18129
0.17578
0.15436
0.11092
0.10252
0.099049
0.086662
0.098349
0.099095
0.069222
0.045797
0.050441
0.084142
0.12016
0.040891
0.056175
0.055508
0.071422
0.073711
0.10636
0.1087
0.1012
0.087296
0.10137
0.12748
0.10369
0.14026
0.045869
0.082284
0.07582
0.050634
0.10685
0.047703
0.090008
0.049252
0.053689
0.051054
0.044402
0.092717
0.039395
0.074238
0.070011
0.11645
0.12614
0.057609
0.055652
0.041401
0.041087
0.044295
0.040426
0.087414
0.078453
0.070653
0.062713
0.053015
0.050322
0.058409
0.061188
0.07142
0.06866
0.05072
0.067902
0.070399
0.048001
0.043839
0.039252
0.057117
0.046456
0.06395
0.068634
0.081645
0.078072
0.08992
0.083861
0.11147
0.10873
0.087022
0.065495
0.06598
0.098726
0.044956
0.046903
0.10787
0.071166
0.078786
0.051233
0.053777
0.067209
0.09121
0.066764
0.073004
0.086762
0.10062
0.048509
0.063978
0.048774
0.046001
0.072905
0.059551
0.062679
0.049896
0.042486
0.047943
0.04081
0.038586
0.04896
0.052876
0.048947
0.058742
0.040305
0.052945
0.035788
0.063641
0.071545
0.045871
0.057357
0.05683
0.066846
0.044381
0.041321
0.041876
0.044428
0.036922
0.029454
0.030716
0.027471
0.040276
0.05587
0.043727
0.044707
0.036015
0.034131
0.037745
0.032903
0.031055
0.041692
0.030274
0.037818
0.049334
0.034708
0.03066
0.040116
0.032969
0.032862
0.050495
0.012785
0.048548
0.045926
0.052139
0.086237
0.040427
0.039452
0.038098
0.027934
0.035487
0.038266
0.031985
0.054612
0.063945
0.034553
0.041018
0.073542
0.049961
0.044871
0.085543
0.053754
0.046503
0.038909
0.046237
0.047332
0.048426
0.04771
0.086434
0.094421
0.076182
0.071
0.057028
0.054825
0.076636
0.10357
0.071358
0.064209
0.077255
0.081021
0.067287
0.0628
0.075567
0.1178
0.081963
0.067334
0.11505
0.092076
0.049369
0.11066
0.014144
0.041981
0.058405
0.040011
0.074525
0.095665
0.09578
0.072115
0.05635
0.067935
0.028254
0.045118
0.034328
0.050216
0.030084
0.043098
0.050358
0.048888
0.052599
0.039674
0.083597
0.0298
0.035591
0.033946
0.040201
0.028301
0.036289
0.039788
0.033294
0.040829
0.031237
0.074586
0.051865
0.032647
0.033621
0.030772
0.025159
0.022776
0.031487
0.035096
0.021873
0.053362
0.084121
0.052986
0.049666
0.070204
0.054925
0.056131
0.051139
0.067149
0.046067
0.044973
0.050102
0.080679
0.056116
0.060693
0.065533
0.058637
0.055892
0.063945
0.054947
0.047613
0.045908
0.066672
0.096214
0.6534
0.19911
0.23657
0.15047
0.18936
0.31579
0.2368
0.18791
0.18792
0.10449
0.21449
0.68901
0.11628
0.075681
0.1189
0.067748
0.11168
0.20222
0.1779
0.13679
0.11418
0.092834
0.64666
0.23051
0.11531
0.11761
0.12057
0.10678
0.1674
0.16723
0.19452
0.21841
0.23562
0.58306
0.21153
0.1985
0.17729
0.25584
0.11317
0.09681
0.14683
0.11519
0.1002
0.11698
0.66427
0.094134
0.20385
0.15051
0.18058
0.24775
0.1171
0.21771
0.15854
0.19869
0.10023
0.64215
0.16233
0.24654
0.25768
0.30454
0.35008
0.38109
0.32378
0.31078
0.34304
0.31288
0.55751
0.30427
0.32132
0.29144
0.1916
0.31281
0.2489
0.29317
0.32236
0.23887
0.46977
0.54145
0.4729
0.37171
0.33292
0.43607
0.44169
0.39065
0.22521
0.11348
0.16081
0.2583
0.19605
0.24606
0.17931
0.37896
0.37685
0.40082
0.32522
0.34308
0.40006
0.54383
0.46729
0.40659
0.50632
0.45601
0.48684
0.48211
0.46379
0.52451
0.4517
0.6149
0.55596
0.57883
0.12095
0.52643
0.59674
0.59149
0.65406
0.26053
0.44568
0.35561
0.58434
0.60322
0.66569
0.6821
0.13112
0.59574
0.55133
0.43508
0.48784
0.47406
0.38377
0.49078
0.39005
0.096392
0.12704
0.11799
0.050881
0.11075
0.11228
0.18016
0.18201
0.07517
0.097707
0.13012
0.26743
0.26624
0.2469
0.25791
0.27387
0.24493
0.23552
0.24481
0.073256
0.17199
0.16084
0.063468
0.032482
0.040734
0.049904
0.06087
0.091504
0.092527
0.082466
0.047136
0.091704
0.11438
0.10719
0.14451
0.122
0.11841
0.15214
0.17774
0.15901
0.16135
0.084776
0.13065
0.094105
0.13264
0.29103
0.08751
0.14921
0.10885
0.19205
0.18619
0.13322
0.29066
0.29538
0.1285
0.03954
0.16437
0.067305
0.13255
0.17384
0.085408
0.168
0.07114
0.43482
0.16019
0.18724
0.24464
0.37823
0.33468
0.30638
0.37249
0.52166
0.19123
0.26332
0.3503
0.20575
0.18516
0.1858
0.25536
0.25533
0.23862
0.18843
0.22444
0.20962
0.18715
0.060277
0.12156
0.18607
0.055898
0.15414
0.18181
0.18208
0.17995
0.14538
0.17072
0.18851
0.12842
0.14991
0.13211
0.31642
0.25136
0.36041
0.40085
0.35036
0.2586
0.28341
0.30639
0.46856
0.13895
0.38978
0.46336
0.50709
0.36919
0.49129
0.45588
0.44761
0.29043
0.44355
0.50831
0.14339
0.36743
0.37042
0.38787
0.48542
0.36708
0.53986
0.56315
0.35946
0.30711
0.44453
0.14213
0.42886
0.3485
0.43772
0.33636
0.38923
0.44567
0.45633
0.48712
0.35644
0.37575
0.12018
0.404
0.47008
0.54835
0.43341
0.28279
0.3884
0.39984
0.38858
0.46475
0.28525
0.13312
0.40691
0.27704
0.46196
0.40535
0.23737
0.13954
0.12631
0.17006
0.12866
0.11545
0.14009
0.165
0.14808
0.1243
0.13327
0.10873
0.14645
0.15102
0.14214
0.22151
0.14853
0.14488
0.1649
0.14628
0.1725
0.14219
0.15509
0.13473
0.14178
0.11625
0.12727
0.12112
0.11582
0.134
0.13424
0.16134
0.12284
0.14186
0.14101
0.12198
0.13907
0.098409
0.13118
0.1353
0.18234
0.14707
0.13441
0.14359
0.1605
0.18036
0.1741
0.15913
0.095215
0.14846
0.16521
0.155
0.2007
0.15106
0.17415
0.15131
0.14199
0.13102
0.15694
0.18365
0.15358
0.17178
0.17576
0.092585
0.096697
0.10055
0.13563
0.24205
0.10867
0.10602
0.13704
0.11661
0.11386
0.12679
0.17051
0.15532
0.11838
0.097904
0.09777
0.07223
0.096819
0.13319
0.10892
0.10478
0.10633
0.086107
0.11231
0.20201
0.16456
0.23375
0.20073
0.15072
0.13177
0.066971
0.065721
0.077913
0.084039
0.17642
0.19025
0.16469
0.1816
0.17314
0.15391
0.068594
0.078532
0.29361
0.24415
0.2637
0.30519
0.076209
0.18125
0.20728
0.24028
0.22904
0.22513
0.10757
0.20019
0.19529
0.21513
0.19585
0.1954
0.20345
0.14923
0.16305
0.15341
0.14356
0.10157
0.18558
0.20214
0.16099
0.16738
0.14825
0.17456
0.17973
0.10743
0.12249
0.17637
0.12643
0.16583
0.17151
0.19721
0.17672
0.18324
0.16357
0.14354
0.37492
0.35404
0.17702
0.21369
0.14121
0.15512
0.13087
0.29112
0.25005
0.2487
0.20389
0.24922
0.12905
0.13882
0.1853
0.15602
0.15387
0.20748
0.2392
0.23801
0.15968
0.19884
0.19043
0.22622
0.17124
0.2101
0.31083
0.14465
0.15578
0.1865
0.088025
0.1049
0.053312
0.093544
0.10544
0.16067
0.20606
0.092259
0.059706
0.068317
0.06007
0.052269
0.13114
0.04482
0.064238
0.089949
0.061998
0.19364
0.12359
0.065912
0.098858
0.091637
0.12791
0.095797
0.059554
0.071778
0.14888
0.11242
0.1459
0.087597
0.085136
0.073752
0.18225
0.17331
0.10129
0.04277
0.17488
0.14615
0.13896
0.072394
0.068535
0.06756
0.11066
0.09274
0.1482
0.18663
0.17488
0.15501
0.10636
0.063058
0.057873
0.042698
0.044343
0.094457
0.10665
0.1708
0.11031
0.094435
0.086252
0.057663
0.072888
0.072721
0.071393
0.11435
0.091834
0.15558
0.08007
0.12642
0.16228
0.12128
0.16349
0.16031
0.13989
0.090734
0.05028
0.11811
0.12137
0.12771
0.1748
0.18252
0.14421
0.12223
0.1518
0.12588
0.11459
0.13441
0.12709
0.11964
0.1256
0.12716
0.093692
0.10762
0.10301
0.11406
0.11691
0.11569
0.12079
0.11677
0.12335
0.1836
0.14065
0.13981
0.1108
0.10691
0.13069
0.12247
0.12016
0.1102
0.10726
0.11353
0.18174
0.12159
0.14522
0.13475
0.15271
0.1703
0.16325
0.18279
0.13402
0.11566
0.086982
0.16019
0.091595
0.40033
0.33178
0.28389
0.083865
0.12079
0.072579
0.25579
0.42256
0.4316
0.1153
0.08341
0.12757
0.09353
0.18973
0.26475
0.25224
0.31864
0.3288
0.074416
0.21327
0.2044
0.10377
0.23195
0.22377
0.17674
0.16529
0.17827
0.22529
0.14267
0.081557
0.09286
0.12457
0.079384
0.13537
0.26938
0.40511
0.46678
0.46885
0.48752
0.56889
0.48296
0.49544
0.46132
0.072477
0.50774
0.33698
0.4696
0.31528
0.5165
0.5894
0.53064
0.53401
0.55299
0.29662
0.10285
0.27711
0.32978
0.4368
0.31428
0.31304
0.37437
0.29454
0.5194
0.33144
0.41801
0.10304
0.43474
0.40239
0.4179
0.42359
0.43797
0.32743
0.47718
0.49598
0.52755
0.48503
0.05758
0.07559
0.066889
0.069422
0.015198
0.084086
0.040731
0.10196
0.04052
0.050101
0.10402
0.080077
0.1348
0.11713
0.098093
0.12521
0.061942
0.066051
0.062285
0.30589
0.089301
0.072554
0.11104
0.068604
0.057738
0.1242
0.12622
0.20594
0.20634
0.20854
0.27999
0.22063
0.23653
0.20244
0.18834
0.18197
0.13042
0.18425
0.12729
0.098423
0.095928
0.052839
0.16806
0.075454
0.12156
0.17122
0.1373
0.1475
0.1741
0.091016
0.082454
0.18192
0.071896
0.1754
0.16492
0.10919
0.11602
0.090905
0.1074
0.1094
0.1791
0.19772
0.1214
0.13452
0.11679
0.088714
0.060536
0.11217
0.11697
0.10132
0.20152
0.22896
0.22787
0.2147
0.090616
0.1533
0.11055
0.12853
0.10385
0.1194
0.12386
0.12883
0.13074
0.17144
0.2619
0.055107
0.25501
0.10173
0.11067
0.10397
0.13263
0.18101
0.17317
0.25241
0.23323
0.42318
0.03117
0.33765
0.032849
0.10053
0.18651
0.053018
0.43021
0.35017
0.27919
0.14001
0.1682
0.26751
0.31409
0.2912
0.271
0.16428
0.14751
0.18693
0.16957
0.23411
0.24644
0.29827
0.22426
0.48683
0.33214
0.30275
0.28394
0.43611
0.28
0.45177
0.37323
0.56827
0.44432
0.44313
0.37616
0.49259
0.45154
0.39745
0.47507
0.36178
0.31809
0.2913
0.29914
0.29783
0.048093
0.28079
0.087327
0.11147
0.39269
0.11166
0.19041
0.21107
0.4195
0.47437
0.38241
0.17623
0.13773
0.31507
0.45681
0.3886
0.049957
0.01387
0.020546
0.047904
0.068242
0.053198
0.053415
0.080307
0.096845
0.063444
0.077109
0.082439
0.082737
0.060009
0.021697
0.019985
0.06715
0.071371
0.29233
0.044512
0.020965
0.019887
0.019594
0.063777
0.05844
0.10881
0.15462
0.023431
0.10265
0.066643
0.11641
0.090892
0.1013
0.089897
0.04417
0.024566
0.081329
0.036747
0.11836
0.08888
0.085819
0.15258
0.061718
0.042399
0.085842
0.084696
0.10527
0.11421
0.052677
0.095494
0.10423
0.073459
0.064276
0.050974
0.087525
0.1082
0.10403
0.11541
0.10455
0.14258
0.18672
0.052992
0.16371
0.15428
0.094885
0.20881
0.1871
0.13345
0.029457
0.027754
0.06098
0.10251
0.021313
0.01639
0.021892
0.017752
0.094182
0.032431
0.061894
0.039337
0.063393
0.11236
0.040011
0.18303
0.11239
0.296
0.33902
0.26706
0.26106
0.35613
0.3197
0.24406
0.29718
0.099712
0.23789
0.15295
0.22993
0.21704
0.26398
0.11479
0.078344
0.055095
0.23576
0.15631
0.2313
0.19594
0.062942
0.14617
0.083712
0.073435
0.069761
0.1039
0.10275
0.10182
0.042619
0.088403
0.057792
0.073105
0.10425
0.094439
0.067948
0.039133
0.067906
0.084556
0.086231
0.10496
0.11731
0.107
0.099059
0.09951
0.078453
0.096974
0.08704
0.081427
0.087737
0.13379
0.11039
0.12544
0.065821
0.1012
0.095151
0.11386
0.12052
0.11133
0.094134
0.08232
0.14579
0.14057
0.11575
0.06125
0.12214
0.13348
0.13059
0.094045
0.1078
0.080873
0.15751
0.13855
0.13824
0.20962
0.080634
0.24692
0.2884
0.36945
0.35949
0.33074
0.29895
0.3076
0.2439
0.24006
0.19184
0.063642
0.10527
0.1023
0.14499
0.14893
0.19639
0.22218
0.17653
0.26194
0.30144
0.31376
0.079189
0.21701
0.16821
0.096745
0.10833
0.13243
0.12449
0.1163
0.13936
0.13619
0.14904
0.09441
0.13528
0.14746
0.14356
0.13684
0.10881
0.10317
0.12788
0.16659
0.28537
0.18366
0.062467
0.25041
0.30779
0.31983
0.30209
0.20025
0.21111
0.15969
0.19239
0.17879
0.25016
0.090269
0.28999
0.31261
0.20445
0.15513
0.18083
0.11587
0.12235
0.14559
0.16665
0.30225
0.14482
0.059897
0.24885
0.09779
0.0746
0.084166
0.078062
0.094119
0.078995
0.078221
0.068934
0.102
0.12673
0.092443
0.090581
0.037211
0.16025
0.11028
0.13173
0.10913
0.10718
0.12357
0.095609
0.12298
0.12033
0.15407
0.047193
0.083372
0.10448
0.1027
0.096368
0.064007
0.10203
0.08699
0.090831
0.070162
0.1139
0.061605
0.10307
0.085866
0.095264
0.090245
0.090261
0.084466
0.098021
0.087196
0.098984
0.089732
0.093068
0.10415
0.10166
0.107
0.096747
0.11196
0.11587
0.12371
0.11042
0.097678
0.11231
0.10983
0.072496
0.080391
0.080207
0.077722
0.086213
0.09678
0.10886
0.062814
0.086205
0.073157
0.12277
0.12138
0.085954
0.029607
0.13855
0.083663
0.11309
0.14485
0.14551
0.11707
0.084954
0.061409
0.11172
0.083436
0.10479
0.091984
0.058007
0.087672
0.085507
0.10389
0.087487
0.022313
0.090917
0.061317
0.058498
0.052159
0.059383
0.039733
0.052181
0.062816
0.056153
0.064497
0.070338
0.090864
0.058552
0.061715
0.063096
0.059409
0.062558
0.070479
0.068251
0.071749
0.068611
0.071374
0.085902
0.072518
0.079426
0.055894
0.067014
0.057861
0.013695
0.10847
0.11758
0.12119
0.059772
0.11117
0.076557
0.059181
0.060395
0.059762
0.012686
0.020962
0.0098919
0.064765
0.063359
0.039294
0.10462
0.051852
0.070024
0.049184
0.027531
0.025982
0.036021
0.020509
0.052339
0.014677
0.03944
0.11403
0.077528
0.021378
0.12651
0.12631
0.14419
0.025691
0.01527
0.078849
0.095966
0.08632
0.097345
0.10112
0.044452
0.055865
0.093871
0.11576
0.074949
0.044883
0.049643
0.054473
0.075942
0.11946
0.11304
0.10329
0.099209
0.14448
0.12866
0.13251
0.11889
0.12924
0.12591
0.11252
0.14567
0.08412
0.16341
0.28653
0.24403
0.13651
0.16892
0.18538
0.2161
0.18098
0.097744
0.063506
0.088989
0.12117
0.17911
0.17453
0.21659
0.17848
0.18293
0.16592
0.14593
0.1404
0.032927
0.16364
0.093992
0.037794
0.069004
0.12146
0.17917
0.19412
0.1935
0.19599
0.19511
0.19624
0.15387
0.16689
0.16519
0.17437
0.15378
0.17209
0.076308
0.038576
0.066854
0.13778
0.12234
0.14164
0.13229
0.072894
0.088213
0.042496
0.081953
0.12178
0.13245
0.051207
0.10451
0.085028
0.089576
0.10634
0.073046
0.0437
0.14655
0.20449
0.15361
0.030579
0.17369
0.14705
0.034981
0.13896
0.12573
0.14892
0.13219
0.082428
0.09027
0.11052
0.067487
0.018397
0.075856
0.062456
0.086729
0.065203
0.1128
0.11913
0.11638
0.13871
0.050364
0.021351
0.015326
0.10461
0.11203
0.11375
0.014253
0.063429
0.10694
0.084741
0.083238
0.067162
0.11821
0.051219
0.024414
0.069813
0.060183
0.023629
0.085055
0.072384
0.087889
0.020352
0.088952
0.076249
0.056721
0.086703
0.04949
0.065545
0.056965
0.0529
0.1168
0.11309
0.084212
0.068063
0.051099
0.063429
0.046562
0.10492
0.077207
0.015944
0.036508
0.058625
0.084282
0.080907
0.081441
0.073538
0.05771
0.062147
0.097506
0.059564
0.061254
0.057141
0.053723
0.053449
0.057822
0.063307
0.058398
0.05968
0.060953
0.047865
0.051832
0.039007
0.044922
0.059413
0.047968
0.054328
0.062516
0.07952
0.066629
0.057339
0.033053
0.033395
0.033005
0.034234
0.061052
0.063054
0.038019
0.042366
0.068246
0.059736
0.065812
0.081744
0.11619
0.078357
0.094184
0.10021
0.078069
0.075885
0.04374
0.073382
0.099228
0.097499
0.092366
0.096402
0.081045
0.083761
0.051311
0.06677
0.061553
0.068769
0.051637
0.042382
0.03723
0.028083
0.086888
0.030148
0.045897
0.053359
0.039187
0.07573
0.063572
0.068312
0.088612
0.016973
0.068622
0.10709
0.14048
0.098907
0.11573
0.12706
0.083574
0.13947
0.073584
0.16503
0.14781
0.099207
0.046361
0.087447
0.045327
0.038476
0.028838
0.03069
0.043726
0.048896
0.080783
0.037708
0.04285
0.052085
0.058217
0.057231
0.081791
0.065583
0.083179
0.10015
0.10572
0.087101
0.13209
0.11914
0.14442
0.081005
0.076488
0.085936
0.060133
0.056608
0.062738
0.084785
0.071331
0.089142
0.10072
0.048474
0.075385
0.14894
0.12015
0.092931
0.13925
0.152
0.17645
0.13088
0.16367
0.098598
0.049235
0.054412
0.12042
0.11403
0.13317
0.16785
0.16632
0.059888
0.11342
0.092953
0.091262
0.099515
0.078534
0.037034
0.057238
0.086828
0.041067
0.038096
0.073254
0.063637
0.055157
0.050867
0.040421
0.043977
0.058051
0.06106
0.079859
0.059366
0.055812
0.035308
0.1175
0.05832
0.034246
0.028318
0.10147
0.072329
0.088007
0.074564
0.086565
0.10993
0.084639
0.068108
0.11218
0.058791
0.090876
0.076648
0.068013
0.051434
0.047036
0.0094802
0.1293
0.015525
0.073407
0.086572
0.033078
0.047369
0.046036
0.084148
0.26391
0.41505
0.28093
0.06664
0.21301
0.34087
0.084522
0.063924
0.038768
0.082417
0.06632
0.11067
0.10678
0.09747
0.03878
0.069614
0.087507
0.090539
0.11172
0.079216
0.11748
0.060485
0.046152
0.045847
0.066773
0.059272
0.06272
0.045314
0.037508
0.06071
0.066833
0.099014
0.047149
0.020311
0.017544
0.012653
0.020965
0.13757
0.11543
0.10105
0.090679
0.10595
0.037958
0.02366
0.03426
0.19987
0.024101
0.099701
0.12765
0.034367
0.032743
0.015448
0.15768
0.2443
0.31346
0.15961
0.25037
0.18823
0.031537
0.018374
0.023327
0.039164
0.021243
0.077734
0.14251
0.21808
0.24723
0.24631
0.089336
0.02709
0.058815
0.051557
0.24357
0.25864
0.20012
0.18416
0.18841
0.13894
0.16655
0.1927
0.051684
0.11613
0.22486
0.25149
0.23136
0.2201
0.22478
0.23062
0.25418
0.15069
0.20153
0.20024
0.093157
0.17542
0.15423
0.10664
0.15441
0.12929
0.20166
0.18834
0.20347
0.11889
0.16545
0.090118
0.035202
0.074088
0.038217
0.033063
0.043147
0.13704
0.18046
0.17949
0.072632
0.23052
0.10473
0.19654
0.22296
0.16446
0.13269
0.15564
0.096286
0.3741
0.28206
0.28382
0.2741
0.11291
0.23851
0.24393
0.25216
0.18935
0.22415
0.18293
0.22192
0.15116
0.15477
0.028246
0.086238
0.065246
0.057076
0.050098
0.072391
0.087482
0.025024
0.069028
0.094678
0.013436
0.02202
0.084927
0.024044
0.031085
0.069471
0.017459
0.072572
0.057844
0.022097
0.052194
0.064461
0.027157
0.096621
0.019491
0.062756
0.015916
0.098295
0.02126
0.018355
0.063157
0.026946
0.067491
0.068438
0.066916
0.086254
0.057694
0.022514
0.065482
0.056036
0.074907
0.07469
0.099019
0.070647
0.062968
0.016578
0.0090009
0.075679
0.066584
0.022073
0.12005
0.099178
0.094082
0.12547
0.023055
0.12701
0.12132
0.12359
0.13518
0.10271
0.027721
0.1248
0.11623
0.097185
0.096392
0.030663
0.13133
0.13462
0.073439
0.018988
0.018684
0.020633
0.01878
0.025505
0.040402
0.024224
0.12849
0.14702
0.17444
0.023978
0.023953
0.07975
0.017331
0.092325
0.11068
0.14775
0.10559
0.1523
0.086441
0.041915
0.16147
0.072197
0.089947
0.085914
0.062396
0.10529
0.041726
0.032921
0.092199
0.096273
0.033374
0.10782
0.044102
0.095512
0.038374
0.09623
0.13455
0.12243
0.10121
0.06315
0.10077
0.058267
0.063294
0.073726
0.070604
0.06845
0.064391
0.056872
0.11879
0.10467
0.069243
0.099003
0.067422
0.076393
0.03527
0.04232
0.050383
0.060372
0.047217
0.011637
0.064222
0.092135
0.062546
0.056559
0.058471
0.047315
0.057888
0.022446
0.054829
0.025204
0.098998
0.10322
0.079844
0.11759
0.12274
0.09244
0.1146
0.097352
0.108
0.081386
0.099951
0.091465
0.082625
0.025208
0.062066
0.077665
0.064883
0.049586
0.055229
0.068484
0.062482
0.079541
0.048604
0.078716
0.097885
0.085051
0.073506
0.081373
0.053007
0.089572
0.084465
0.078268
0.038683
0.11078
0.076641
0.1148
0.086488
0.056825
0.063852
0.025616
0.072121
0.093922
0.12421
0.025811
0.026479
0.090574
0.064478
0.06617
0.07152
0.10409
0.10724
0.10927
0.088355
0.031785
0.076177
0.097986
0.046355
0.071062
0.044071
0.070113
0.086504
0.14756
0.063581
0.10111
0.11391
0.08289
0.12383
0.094944
0.10205
0.10129
0.11314
0.088223
0.10596
0.10663
0.11736
0.12942
0.051319
0.12167
0.029742
0.022816
0.10314
0.085728
0.079149
0.10559
0.096767
0.11218
0.10398
0.076573
0.086382
0.10536
0.1035
0.090081
0.071592
0.11169
0.062691
0.074582
0.032984
0.051592
0.075204
0.082497
0.098914
0.11352
0.03362
0.11724
0.11005
0.152
0.10888
0.11265
0.10364
0.070246
0.14243
0.15138
0.035396
0.16782
0.15348
0.049383
0.095516
0.12976
0.092542
0.091791
0.11413
0.10058
0.21815
0.23052
0.22871
0.28402
0.13291
0.15064
0.19864
0.27291
0.24566
0.16552
0.10331
0.18399
0.093878
0.10201
0.090296
0.090869
0.068216
0.10571
0.13259
0.17936
0.081331
0.11779
0.12332
0.19971
0.19168
0.15165
0.15642
0.061462
0.1213
0.082434
0.14055
0.12258
0.10098
0.23863
0.12228
0.10397
0.1209
0.14107
0.14644
0.13036
0.10873
0.058812
0.053602
0.099126
0.14286
0.086813
0.098377
0.11518
0.087902
0.11134
0.13968
0.12456
0.13391
0.15259
0.077923
0.12482
0.11864
0.091812
0.03635
0.066467
0.025886
0.075366
0.074563
0.077537
0.11572
0.12522
0.056634
0.099053
0.079509
0.10009
0.10646
0.026714
0.10554
0.097433
0.10215
0.13364
0.11117
0.12025
0.11572
0.098419
0.11088
0.11982
0.10164
0.09606
0.11565
0.11681
0.14472
0.16131
0.049884
0.16814
0.076088
0.10567
0.15198
0.19326
0.096063
0.2811
0.19225
0.1661
0.11665
0.21461
0.12348
0.060286
0.10368
0.13106
0.10881
0.10854
0.20503
0.18136
0.15113
0.12171
0.12691
0.16811
0.13652
0.15744
0.11423
0.11982
0.077968
0.14838
0.15243
0.1142
0.11306
0.17635
0.10417
0.13385
0.1779
0.14198
0.1483
0.05086
0.14841
0.16186
0.15839
0.16059
0.17015
0.11816
0.12903
0.10635
0.15208
0.18389
0.099439
0.18053
0.31478
0.32642
0.13903
0.12838
0.073355
0.090546
0.1441
0.12709
0.13704
0.0098451
0.096765
0.29791
0.24748
0.11793
0.095189
0.14662
0.13181
0.12392
0.085579
0.10122
0.2673
0.078701
0.17995
0.15974
0.16053
0.14975
0.18759
0.16044
0.1207
0.072948
0.092845
0.029179
0.015408
0.11929
0.084395
0.1253
0.12457
0.10999
0.11211
0.089484
0.091566
0.10615
0.38468
0.09975
0.0936
0.42493
0.27688
0.23396
0.20592
0.15876
0.18773
0.11854
0.17004
0.14013
0.050307
0.13605
0.14429
0.14038
0.11166
0.065923
0.052538
0.086606
0.079445
0.11139
0.13577
0.159
0.14312
0.033513
0.18817
0.16365
0.15967
0.19144
0.14038
0.23391
0.22105
0.0693
0.15958
0.1281
0.16152
0.13244
0.16457
0.16394
0.17109
0.11964
0.14261
0.18685
0.095481
0.15712
0.059527
0.18948
0.10404
0.11021
0.13419
0.1421
0.14425
0.19594
0.17544
0.10824
0.16338
0.13359
0.2606
0.28426
0.25898
0.31971
0.2908
0.21364
0.15996
0.39817
0.29746
0.16866
0.31809
0.31246
0.26413
0.15899
0.080578
0.083451
0.10963
0.24259
0.13267
0.11777
0.19709
0.050454
0.073065
0.083995
0.078661
0.11396
0.07674
0.096856
0.029427
0.11828
0.19607
0.10663
0.076438
0.064335
0.065022
0.013742
0.055224
0.10039
0.092419
0.091301
0.11567
0.14415
0.046171
0.015451
0.023936
0.09981
0.13132
0.076055
0.12346
0.058002
0.083797
0.096074
0.092194
0.060222
0.054578
0.057275
0.052249
0.077994
0.090121
0.011191
0.063746
0.019538
0.080123
0.13524
0.020858
0.045359
0.14801
0.13523
0.032219
0.15234
0.046207
0.12311
0.16116
0.1489
0.072365
0.11252
0.11203
0.046782
0.070339
0.074014
0.12078
0.075326
0.090439
0.098558
0.14663
0.1426
0.10987
0.12085
0.099373
0.043579
0.084152
0.10867
0.095982
0.1171
0.094787
0.15214
0.18547
0.21042
0.1632
0.15662
0.13744
0.11093
0.16648
0.029862
0.018209
0.054475
0.054948
0.041892
0.041143
0.045142
0.054584
0.01622
0.023925
0.043948
0.013912
0.01674
0.033521
0.063094
0.035689
0.029865
0.037101
0.032422
0.064683
0.073506
0.073249
0.040111
0.022754
0.036615
0.010617
0.035993
0.04865
0.01288
0.013388
0.049006
0.047779
0.05613
0.01657
0.0058826
0.091638
0.025108
0.011136
0.0061247
0.076007
0.017183
0.082129
0.018859
0.060897
0.022957
0.021097
0.017412
0.009993
0.064468
0.094979
0.13949
0.14359
0.14935
0.048757
0.13772
0.033725
0.042068
0.14813
0.095886
0.12844
0.020951
0.064766
0.078988
0.099959
0.14149
0.21769
0.095371
0.0088875
0.029024
0.016413
0.11384
0.10533
0.08305
0.08087
0.088919
0.041858
0.030426
0.082436
0.043498
0.086466
0.077409
0.1223
0.04102
0.14831
0.085546
0.052274
0.18645
0.20979
0.21605
0.0087786
0.070759
0.06648
0.039413
0.097777
0.021973
0.13489
0.043108
0.14798
0.061787
0.15177
0.024268
0.20101
0.051252
0.047988
0.044736
0.027528
0.084462
0.087428
0.089465
0.032829
0.15718
0.0070519
0.0054798
0.11719
0.13859
0.12617
0.01557
0.060373
0.13743
0.11162
0.12506
0.12282
0.057845
0.0069807
0.063539
0.02371
0.088063
0.075295
0.02851
0.058734
0.063958
0.014588
0.022344
0.058361
0.035829
0.035928
0.039347
0.02863
0.0070661
0.0067865
0.010313
0.039697
0.0082531
0.0092506
0.021962
0.0074103
0.029144
0.029966
0.03176
0.0287
0.028542
0.0063249
0.030364
0.038634
0.012405
0.03497
0.039639
0.042846
0.032831
0.034147
0.0086472
0.031137
0.035164
0.029798
0.043304
0.010074
0.0072042
0.041929
0.042831
0.037216
0.042917
0.031296
0.033712
0.0071876
0.0071078
0.035111
0.0076938
0.0075342
0.022602
0.015494
0.044617
0.050415
0.048517
0.041368
0.047984
0.039666
0.0087003
0.062877
0.043994
0.0089147
0.05283
0.015983
0.044419
0.061301
0.01998
0.048996
0.053279
0.013909
0.053108
0.050428
0.016844
0.068202
0.050231
0.064499
0.061136
0.038183
0.026956
0.028097
0.025658
0.023824
0.04687
0.028518
0.011912
0.041417
0.033389
0.074284
0.062503
0.064873
0.057643
