0.97406
0.95863
0.97515
0.9735
0.98598
0.98156
0.99506
0.99753
0.99212
0.98365
0.99578
0.99176
0.95924
0.99647
0.99516
0.99629
0.99846
0.99215
0.98548
0.99023
0.98605
0.99015
0.9893
0.94869
0.9762
0.9853
0.9714
0.99563
0.99703
0.98706
0.98548
0.99529
0.9779
0.95889
0.97345
0.97471
0.98963
0.99315
0.99035
0.99142
0.98887
0.98185
0.99239
0.99458
0.99776
0.98105
0.98358
0.99286
0.99546
0.99451
0.99246
0.98667
0.97615
0.97444
0.97272
0.99076
0.95561
0.9931
0.98842
0.99428
0.99465
0.99865
0.98775
0.9953
0.98866
0.97884
0.99214
0.95909
0.98156
0.99577
0.99284
0.99753
0.99654
0.97877
0.97732
0.97349
0.9935
0.97692
0.95296
0.98341
0.99132
0.97877
0.98977
0.9899
0.99697
0.99164
0.99564
0.99157
0.9909
0.96587
0.9984
0.98044
0.97303
0.98855
0.98111
0.99331
0.99757
0.99854
0.99657
0.99721
0.97216
0.99746
0.98905
0.97879
0.9844
0.97974
0.96754
0.97169
0.98603
0.99151
0.99725
0.97031
0.93699
0.99765
0.9436
0.94769
0.93438
0.94499
0.95238
0.95318
0.97374
0.95053
0.95388
0.97457
0.97867
0.95384
0.95517
0.94352
0.98455
0.98155
0.95039
0.93947
0.9494
0.95702
0.95039
0.98922
0.97636
0.96053
0.96531
0.93648
0.96144
0.95151
0.93302
0.95084
0.93651
0.95592
0.97588
0.95332
0.96378
0.95787
0.95516
0.95077
0.95806
0.96197
0.94588
0.94006
0.96676
0.99018
0.94655
0.95788
0.94461
0.94999
0.94814
0.92147
0.95375
0.94604
0.94547
0.94461
0.96672
0.93771
0.94949
0.92999
0.94521
0.96958
0.93132
0.92728
0.97471
0.93837
0.93666
0.98491
0.97017
0.97827
0.97513
0.9659
0.96136
0.98099
0.9764
0.97242
0.97485
0.97487
0.97747
0.96605
0.96244
0.95175
0.96016
0.97083
0.97841
0.96681
0.99257
0.96928
0.97515
0.96855
0.98312
0.9465
0.98049
0.98478
0.99832
0.99443
0.99359
0.98736
0.98444
0.98565
0.97773
0.95809
0.98211
0.98376
0.98397
0.9913
0.99375
0.97788
0.99292
0.99167
0.99178
0.98214
0.97416
0.98365
0.9853
0.99335
0.97831
0.97007
0.99307
0.99696
0.99402
0.99899
0.9938
0.99055
0.98985
0.99458
0.99363
0.99602
0.99383
0.9979
0.98141
0.99817
0.98748
0.98275
0.97148
0.99539
0.99709
0.9978
0.99368
0.9801
0.99528
0.99552
0.99708
0.98569
0.99595
0.95224
0.94468
0.95426
0.94595
0.99149
0.97663
0.93831
0.91824
0.91739
0.91785
0.92514
0.95631
0.96409
0.94564
0.9385
0.95189
0.93304
0.94703
0.94355
0.9352
0.94241
0.96054
0.96206
0.96439
0.93635
0.96129
0.94808
0.96269
0.95737
0.93331
0.98707
0.98122
0.96166
0.97165
0.93876
0.97448
0.97294
0.97555
0.96445
0.95216
0.95957
0.95663
0.99107
0.98743
0.98115
0.97691
0.97126
0.99647
0.98583
0.94585
0.93443
0.96113
0.99418
0.99759
0.99637
0.97988
0.98214
0.96871
0.97244
0.94985
0.97459
0.9529
0.95257
0.9436
0.9696
0.99625
0.95844
0.95139
0.95626
0.95166
0.94807
0.96064
0.96019
0.97201
0.96846
0.96027
0.98997
0.95719
0.97649
0.94703
0.94145
0.9302
0.99731
0.98595
0.9937
0.99719
0.99217
0.99469
0.95099
0.98312
0.99516
0.99164
0.99539
0.96884
0.99356
0.98634
0.97412
0.97043
0.99213
0.98853
0.99039
0.97301
0.99283
0.98747
0.98523
0.99042
0.98567
0.97583
0.95612
0.99527
0.93827
0.93369
0.98807
0.99395
0.99675
0.97221
0.99235
0.98997
0.98157
0.96407
0.96554
0.99629
0.99487
0.9982
0.99459
0.99145
0.99087
0.99217
0.98441
0.99394
0.99553
0.99446
0.9893
0.9866
0.98823
0.97995
0.98679
0.97522
0.9623
0.99321
0.98605
0.99082
0.99405
0.99648
0.97977
0.98195
0.98436
0.99245
0.99048
0.97647
0.971
0.98155
0.98031
0.97376
0.99073
0.98463
0.99143
0.99954
0.99085
0.97948
0.99655
0.97042
0.99822
0.99715
0.98892
0.97743
0.99468
0.99698
0.9862
0.99595
0.98458
0.99807
0.99747
0.99437
0.99259
0.99752
0.98967
0.99567
0.99441
0.99252
0.99885
0.9992
0.99489
0.99756
0.97955
0.99757
0.99664
0.97966
0.99317
0.98558
0.99539
0.99561
0.97922
0.99854
0.99752
0.97914
0.99221
0.99968
0.98092
0.98945
0.98038
0.99901
0.99631
0.99873
0.9939
0.99617
0.98668
0.99834
0.99528
0.97798
0.99681
0.97318
0.9864
0.97216
0.96323
0.97494
0.97031
0.97337
0.95644
0.98013
0.98226
0.97741
0.95771
0.98826
0.98182
0.99415
0.9836
0.97649
0.9703
0.9806
0.98372
0.99684
0.98144
0.98705
0.99552
0.99601
0.99617
0.95052
0.96572
0.96706
0.97818
0.99102
0.99316
0.99148
0.99194
0.99243
0.98434
0.98806
0.98551
0.98013
0.98374
0.98255
0.99439
0.99467
0.9693
0.97473
0.99734
0.95529
0.96986
0.9936
0.98963
0.98556
0.96189
0.9681
0.97659
0.97301
0.97971
0.99521
0.96672
0.98687
0.9831
0.97171
0.98522
0.9958
0.99671
0.99858
0.99505
0.99865
0.9715
0.99545
0.99496
0.99799
0.99945
0.99838
0.99603
0.9955
0.99334
0.99821
0.99392
0.98464
0.99548
0.979
0.99686
0.99344
0.99295
0.99209
0.98971
0.99349
0.99055
0.99611
0.95636
0.96526
0.953
0.96881
0.99056
0.98474
0.98105
0.98749
0.9888
0.98732
0.97011
0.96729
0.98659
0.98256
0.99261
0.95973
0.92433
0.98198
0.95124
0.99123
0.98938
0.99703
0.99452
0.9976
0.99718
0.99246
0.98994
0.98531
0.98518
0.9871
0.99276
0.99088
0.98483
0.95629
0.99031
0.97309
0.9884
0.97004
0.98856
0.98355
0.9963
0.99558
0.99389
0.99709
0.9822
0.97265
0.99347
0.99849
0.97884
0.98093
0.97879
0.9865
0.99594
0.98596
0.98306
0.96448
0.94733
0.99831
0.99815
0.98582
0.98954
0.98147
0.97777
0.99851
0.99841
0.99191
0.99102
0.98863
0.99046
0.99703
0.98943
0.98771
0.98687
0.99289
0.99254
0.98932
0.98347
0.99491
0.95968
0.99337
0.99244
0.993
0.9974
0.99908
0.99515
0.96996
0.99036
0.99552
0.99061
0.98248
0.99192
0.98428
0.99733
0.99726
0.99635
0.97969
0.98827
0.97486
0.9835
0.99959
0.99367
0.9972
0.99429
0.96187
0.99772
0.98872
0.99685
0.98355
0.99737
0.99879
0.98088
0.98591
0.99755
0.98617
0.98198
0.98898
0.96893
0.9978
0.82894
0.97414
0.94694
0.99026
0.97369
0.96438
0.96195
0.98045
0.96871
0.93477
0.99034
0.90854
0.9109
0.9161
0.92181
0.95077
0.95354
0.98146
0.96389
0.97982
0.9744
0.99637
0.9793
0.95576
0.96639
0.98899
0.97331
0.96269
0.96355
0.94684
0.9517
0.96247
0.99366
0.97353
0.97933
0.96683
0.99524
0.97078
0.96466
0.93087
0.96945
0.9964
0.98944
0.97851
0.98704
0.96453
0.97943
0.97745
0.97004
0.98717
0.98639
0.98453
0.97268
0.96373
0.97909
0.98332
0.98982
0.9963
0.96903
0.97858
0.98971
0.97401
0.98699
0.98686
0.98174
0.9742
0.97961
0.97249
0.96657
0.99258
0.95124
0.98603
0.97588
0.97664
0.97306
0.96991
0.98837
0.94627
0.9805
0.97216
0.97541
0.97987
0.95639
0.97244
0.95884
0.96765
0.9567
0.92964
0.97475
0.934
0.94524
0.9357
0.89152
0.91192
0.91697
0.93679
0.90275
0.90041
0.93425
0.95679
0.89937
0.91118
0.91203
0.87629
0.89043
0.92247
0.91421
0.92981
0.91811
0.92237
0.98143
0.94955
0.96613
0.98351
0.97193
0.90921
0.96801
0.91968
0.9144
0.90416
0.96001
0.95464
0.95156
0.92867
0.95189
0.91631
0.94868
0.91716
0.97148
0.9614
0.97843
0.93038
0.97108
0.95576
0.93411
0.94668
0.94512
0.95179
0.94452
0.94308
0.91306
0.92518
0.9269
0.91409
0.94475
0.95376
0.91253
0.90052
0.89735
0.90746
0.91095
0.93865
0.91892
0.92383
0.87638
0.97133
0.94673
0.95508
0.9362
0.927
0.91886
0.91646
0.88952
0.90368
0.8997
0.90211
0.91378
0.91922
0.91543
0.94189
0.92675
0.92553
0.94059
0.94754
0.9074
0.89972
0.92814
0.90057
0.9175
0.89864
0.93191
0.88449
0.93814
0.91919
0.94916
0.90844
0.92684
0.96537
0.93578
0.92537
0.90785
0.94907
0.92408
0.93191
0.92419
0.92215
0.9508
0.92059
0.91816
0.9518
0.8957
0.90159
0.94293
0.9443
0.92645
0.92512
0.92577
0.91984
0.94325
0.9623
0.95025
0.97923
0.96144
0.94519
0.94134
0.951
0.95736
0.97968
0.98061
0.93025
0.94541
0.93934
0.95072
0.89662
0.97987
0.98783
0.98211
0.9581
0.97496
0.97785
0.91776
0.98237
0.93678
0.94994
0.96433
0.90353
0.95941
0.98059
0.98158
0.95901
0.94286
0.96534
0.89673
0.96078
0.90075
0.94965
0.92215
0.90383
0.92277
0.93061
0.9334
0.93049
0.95728
0.91453
0.92846
0.91439
0.89561
0.90814
0.92642
0.90312
0.9188
0.95169
0.90651
0.95249
0.90326
0.89289
0.91768
0.89808
0.8899
0.9032
0.88704
0.88944
0.92224
0.91475
0.9604
0.9068
0.8641
0.95866
0.944
0.89511
0.89326
0.92507
0.93945
0.92932
0.91235
0.96795
0.9321
0.93904
0.92399
0.93336
0.91191
0.91685
0.88469
0.90548
0.87726
0.92111
0.98814
0.96874
0.9628
0.97856
0.96314
0.97942
0.99052
0.98951
0.97466
0.98054
0.97076
0.99303
0.96927
0.96826
0.95382
0.96681
0.95886
0.93291
0.96612
0.97533
0.96876
0.94735
0.96774
0.97487
0.97991
0.99112
0.98258
0.96789
0.94715
0.98337
0.98139
0.98106
0.98235
0.98952
0.98207
0.97864
0.96163
0.96976
0.98551
0.95101
0.98239
0.98721
0.9827
0.97556
0.97071
0.97516
0.98245
0.98944
0.97568
0.98743
0.99764
0.98361
0.99945
0.98206
0.99148
0.97062
0.95716
0.99209
0.99811
0.99199
0.98721
0.9983
0.98149
0.99578
0.99535
0.989
0.98491
0.97664
0.97858
0.98338
0.99971
0.99873
0.99904
0.99454
0.99552
0.9906
0.99914
0.99118
0.98664
0.98554
0.99629
0.99741
0.99956
0.98184
0.97524
0.99703
0.99592
0.99081
0.99626
0.99801
0.99898
0.99768
0.99376
0.99953
0.99894
0.99972
0.98424
0.98579
0.98453
0.99581
0.99415
0.97772
0.98041
0.96662
0.9728
0.98331
0.99296
0.99894
0.97522
0.99333
0.98253
0.99254
0.99091
0.98222
0.98328
0.9759
0.99872
0.99753
0.99962
0.98654
0.99227
0.9798
0.97047
0.94952
0.98671
0.99671
0.9893
0.99218
0.99185
0.99227
0.99758
0.97963
0.94833
0.96936
0.97271
0.96124
0.9859
0.97067
0.98889
0.97952
0.97589
0.95535
0.95839
0.99367
0.99612
0.99418
0.9917
0.99872
0.9978
0.99544
0.99666
0.96336
0.99586
0.99873
0.95771
0.97178
0.96011
0.95326
0.97733
0.95142
0.95704
0.91789
0.97131
0.93213
0.98061
0.99185
0.97978
0.97595
0.98846
0.9773
0.9923
0.96717
0.93912
0.97836
0.95282
0.95013
0.97088
0.99549
0.9621
0.95606
0.97208
0.96402
0.97224
0.96416
0.99404
0.99002
0.96769
0.94827
0.99089
0.97082
0.98337
0.93885
0.94697
0.96943
0.95819
0.98453
0.98861
0.9845
0.98414
0.99886
0.9888
0.99442
0.99246
0.99602
0.97454
0.99185
0.99031
0.96466
0.99158
0.96349
0.99217
0.99485
0.9764
0.98989
0.99798
0.98696
0.97537
0.96481
0.94582
0.96321
0.94721
0.99354
0.9983
0.99891
0.96877
0.99219
0.99643
0.98771
0.9723
0.94698
0.96805
0.97295
0.97684
0.99008
0.98354
0.98708
0.97771
0.99614
0.98733
0.9427
0.91907
0.96289
0.96794
0.95217
0.97587
0.9781
0.97533
0.96985
0.99634
0.9472
0.92853
0.94949
0.98755
0.97789
0.98434
0.95139
0.98047
0.9442
0.93952
0.96738
0.99715
0.99273
0.93559
0.99208
0.99185
0.98865
0.98743
0.97817
0.95588
0.95642
0.93566
0.97199
0.98167
0.954
0.98929
0.98662
0.98929
0.98135
0.99413
0.98709
0.99041
0.97596
0.95742
0.96867
0.92781
0.99684
0.99337
0.96856
0.99846
0.98627
0.93886
0.96768
0.96651
0.98638
0.90678
0.9238
0.96286
0.94735
0.91028
0.9293
0.94655
0.97031
0.97886
0.97697
0.99557
0.93848
0.94077
0.97179
0.96318
0.98051
0.95434
0.91062
0.90415
0.93097
0.95219
0.99716
0.98583
0.96014
0.93501
0.9178
0.93055
0.95343
0.9625
0.92734
0.92539
0.94078
0.98383
0.94918
0.93987
0.95875
0.97551
0.94292
0.96123
0.95374
0.94605
0.96974
0.96675
0.97487
0.97001
0.96544
0.98594
0.97423
0.98691
0.96304
0.96781
0.97923
0.97877
0.98531
0.97998
0.99735
0.99607
0.99395
0.9944
0.99
0.95515
0.96259
0.99817
0.9891
0.96169
0.94472
0.98309
0.96277
0.97771
0.97785
0.94154
0.95484
0.97412
0.96447
0.97034
0.94312
0.91325
0.95657
0.96949
0.94019
0.92735
0.97718
0.99957
0.99887
0.9952
0.98856
0.97988
0.99799
0.98039
0.9734
0.99489
0.98815
0.99539
0.97648
0.97998
0.99248
0.97759
0.98802
0.99187
0.99718
0.95309
0.95679
0.96374
0.94184
0.98856
0.96747
0.99361
0.97902
0.97658
0.97674
0.98538
0.97604
0.98578
0.96797
0.98853
0.98476
0.99401
0.99434
0.98833
0.99064
0.98602
0.97275
0.98369
0.99323
0.99294
0.99716
0.99537
0.99174
0.98942
0.99328
0.97422
0.96007
0.9955
0.96114
0.98023
0.93812
0.96274
0.95832
0.98634
0.98622
0.93299
0.92061
0.99442
0.98343
0.97582
0.9843
0.99082
0.9287
0.96305
0.95424
0.95435
0.96701
0.97973
0.98784
0.98199
0.98634
0.98696
0.96488
0.95803
0.95595
0.97808
0.96908
0.97274
0.96282
0.97298
0.98197
0.97784
0.98695
0.99167
0.97668
0.99262
0.99321
0.98502
0.99053
0.99375
0.9891
0.9787
0.99548
0.99179
0.98133
0.98372
0.98219
0.99316
0.96996
0.99321
0.99366
0.97747
0.9776
0.99728
0.99563
0.98463
0.9658
0.99957
0.99616
0.99495
0.98447
0.99851
0.99878
0.98196
0.98585
0.99056
0.99661
0.98812
0.96766
0.95846
0.95475
0.97052
0.99353
0.99621
0.99306
0.99307
0.99359
0.97442
0.98474
0.97731
0.98787
0.97402
0.98567
0.98349
0.94894
0.9605
0.95888
0.97668
0.98395
0.99219
0.98434
0.94409
0.98953
0.98037
0.98616
0.96295
0.99151
0.98543
0.99386
0.99402
0.96514
0.97987
0.98842
0.9901
0.99166
0.96225
0.98722
0.99643
0.99121
0.97611
0.9938
0.98554
0.99308
0.99758
0.9885
0.99642
0.95678
0.96197
0.97541
0.97854
0.99561
0.97773
0.96565
0.98269
0.97349
0.95947
0.97879
0.97821
0.93839
0.9724
0.96348
0.97754
0.98955
0.95734
0.98606
0.94552
0.97804
0.98781
0.99102
0.98824
0.96847
0.96681
0.97437
0.98335
0.9837
0.98884
0.9842
0.97066
0.98124
0.9852
0.99599
0.97636
0.99282
0.98935
0.99293
0.99374
0.98274
0.99322
0.99692
0.99605
0.99702
0.97118
0.97225
0.98768
0.99955
0.99381
0.99247
0.98319
0.96441
0.9791
0.98036
0.98463
0.99965
0.99753
0.98315
0.96008
0.98328
0.99792
0.99826
0.97581
0.99527
0.99879
0.99432
0.98146
0.98199
0.9884
0.9645
0.95841
0.96698
0.99395
0.97244
0.9875
0.99882
0.97078
0.95674
0.95298
0.98088
0.95999
0.96818
0.9077
0.95899
0.96751
0.95957
0.9599
0.94192
0.97017
0.97642
0.9504
0.9748
0.92549
0.91836
0.96924
0.95896
0.98001
0.95318
0.95504
0.9758
0.98972
0.97063
0.99326
0.95361
0.97459
0.92757
0.9656
0.91697
0.94952
0.92824
0.92818
0.93812
0.98282
0.96038
0.97175
0.95483
0.97906
0.97278
0.9611
0.95784
0.96782
0.98176
0.97515
0.97803
0.96106
0.96705
0.97702
0.9848
0.98188
0.98755
0.98761
0.98652
0.98191
0.98115
0.96531
0.97361
0.9917
0.97381
0.97416
0.99304
0.95402
0.94995
0.98928
0.97398
0.99115
0.99572
0.98116
0.99104
0.99793
0.99862
0.99466
0.98388
0.98634
0.98523
0.97901
0.98222
0.9925
0.99048
0.96214
0.98909
0.98908
0.97162
0.98738
0.98568
0.9865
0.99638
0.98145
0.98869
0.99355
0.97738
0.99705
0.98937
0.99299
0.97887
0.98445
0.98684
0.98728
0.98715
0.99622
0.99382
0.99343
0.97652
0.99186
0.96162
0.98608
0.98144
0.96295
0.98548
0.99596
0.99452
0.99301
0.99394
0.97448
0.9672
0.96669
0.98675
0.9887
0.99161
0.99162
0.99525
0.97014
0.98829
0.97839
0.98516
0.98064
0.99372
0.95808
0.97618
0.99475
0.98984
0.98622
0.9874
0.9903
0.94777
0.98771
0.95909
0.98274
0.99177
0.98499
0.96165
0.97437
0.9742
0.99201
0.98336
0.9105
0.99051
0.90394
0.92347
0.98735
0.99426
0.99235
0.97632
0.9535
0.93242
0.89006
0.99689
0.98502
0.94349
0.97538
0.98827
0.93693
0.99824
0.99813
0.99539
0.9931
0.99698
0.98617
0.98674
0.96596
0.97338
0.97832
0.96068
0.96215
0.99192
0.99233
0.99957
0.99915
0.97769
0.97815
0.99105
0.99431
0.99405
0.99544
0.99903
0.99138
0.99737
0.98643
0.99478
0.97595
0.98101
0.95339
0.98234
0.96765
0.99191
0.94387
0.96338
0.96712
0.98542
0.9841
0.99065
0.96873
0.95158
0.96911
0.95001
0.97758
0.97182
0.96721
0.97159
0.96716
0.95451
0.96077
0.99659
0.97153
0.94945
0.95782
0.93881
0.94348
0.97039
0.96954
0.98651
0.87734
0.98158
0.95454
0.98009
0.97899
0.98734
0.95995
0.9773
0.94108
0.95607
0.97073
0.99554
0.97235
0.96979
0.98514
0.9679
0.98044
0.96491
0.97114
0.97572
0.99763
0.98255
0.98819
0.96895
0.98395
0.96065
0.97732
0.95572
0.96564
0.96538
0.9711
0.9887
0.98232
0.98474
0.9672
0.97209
0.98187
0.98981
0.98766
0.99801
0.98621
0.98526
0.96033
0.95438
0.98285
0.97706
0.96976
0.9622
0.9847
0.97791
0.96375
0.95425
0.9373
0.95966
0.9703
0.9758
0.98747
0.98941
0.99329
0.99761
0.98879
0.98407
0.9966
0.98796
0.97741
0.98304
0.97029
0.99633
0.96258
0.98466
0.98112
0.9903
0.98489
0.98245
0.97547
0.98746
0.99276
0.97958
0.97123
0.98697
0.98628
0.98641
0.98218
0.9961
0.98901
0.99299
0.99003
0.98803
0.98034
0.95341
0.98829
0.98311
0.99105
0.99476
0.97278
0.98224
0.99416
0.96701
0.98678
0.9832
0.99768
0.96937
0.98871
0.99508
0.993
0.98652
0.98223
0.99449
0.99703
0.98841
0.99259
0.99169
0.94806
0.99463
0.99206
0.99725
0.99878
0.98439
0.98668
0.98676
0.99458
0.99179
0.97379
0.98533
0.99672
0.9827
0.95477
0.99915
0.99155
0.99811
0.99624
0.9968
0.99933
0.96731
0.99164
0.96092
0.94446
0.90579
0.89528
0.92127
0.92826
0.94391
0.94342
0.98527
0.98656
0.98164
0.992
0.97637
0.96718
0.96306
0.96388
0.97664
0.9066
0.92487
0.93497
0.97862
0.98038
0.98095
0.9963
0.98814
0.98536
0.98209
0.98851
0.98469
0.98253
0.95038
0.97139
0.96378
0.95129
0.98362
0.99398
0.97857
0.98949
0.9607
0.99579
0.92851
0.96014
0.98072
0.96715
0.96168
0.97518
0.97032
0.97984
0.96626
0.99568
0.97795
0.97201
0.95694
0.9945
0.93505
0.97137
0.97962
0.99526
0.98054
0.99608
0.99909
0.99286
0.98883
0.95007
0.99791
0.96817
0.98228
0.98697
0.94033
0.9875
0.96238
0.9562
0.94676
0.99701
0.9951
0.98373
0.99742
0.95947
0.99469
0.97534
0.98391
0.96936
0.98636
0.97722
0.98571
0.97524
0.98923
0.99386
0.99204
0.99544
0.97718
0.99042
0.96574
0.98141
0.98523
0.98346
0.99517
0.9766
0.96648
0.98855
0.99362
0.9791
0.99358
0.9716
0.97394
0.9837
0.97347
0.97554
0.98403
0.97548
0.97497
0.99243
0.98891
0.98223
0.97461
0.96124
0.98341
0.98663
0.97688
0.97983
0.98288
0.98917
0.99591
0.98125
0.97731
0.9734
0.98337
0.97606
0.97699
0.99072
0.98864
0.9913
0.98717
0.99705
0.99037
0.98329
0.96868
0.98138
0.98769
0.988
0.99267
0.98743
0.99658
0.99935
0.9719
0.989
0.99489
0.99542
0.98582
0.99057
0.99621
0.97127
0.99394
0.9913
0.96838
0.96644
0.96771
0.95144
0.92345
0.96868
0.94675
0.96371
0.96626
0.94836
0.9656
0.94956
0.96359
0.9456
0.97158
0.94824
0.97053
0.94264
0.96021
0.94682
0.96483
0.96144
0.96532
0.95012
0.95082
0.96069
0.94187
0.95317
0.95082
0.95374
0.97669
0.97265
0.97705
0.9881
0.97946
0.9596
0.97751
0.9757
0.98111
0.97212
0.977
0.97492
0.97206
0.96689
0.9479
0.97127
0.94119
0.96755
0.96746
0.97637
0.95526
0.91148
0.95394
0.9664
0.96344
0.95608
0.93167
0.95953
0.96946
0.97871
0.98122
0.98743
0.98985
0.99392
0.97113
0.99512
0.98501
0.97311
0.94361
0.96051
0.9751
0.98108
0.9653
0.95322
0.97997
0.99776
0.9889
0.97625
0.98234
0.97251
0.99711
0.99514
0.99485
0.98763
0.99875
0.99585
0.99213
0.9944
0.992
0.9961
0.97279
0.99177
0.97881
0.95651
0.97415
0.98634
0.96057
0.96406
0.93534
0.95547
0.98678
0.97337
0.99273
0.99912
0.9985
0.99362
0.98774
0.99344
0.99844
0.99341
0.99762
0.99644
0.98143
0.97327
0.99815
0.90139
0.98924
0.9975
0.97334
0.95823
0.98866
0.98907
0.98741
0.9883
0.99413
0.99539
0.98463
0.99109
0.98894
0.99444
0.98227
0.94164
0.99163
0.99554
0.97817
0.97477
0.97
0.99769
0.99039
0.98881
0.98868
0.99613
0.99486
0.97698
0.99597
0.99546
0.97636
0.99551
0.9928
0.96742
0.96272
0.99189
0.98325
0.97274
0.9688
0.9659
0.93461
0.97521
0.98347
0.98734
0.97867
0.97193
0.95506
0.97309
0.96481
0.96553
0.95811
0.94915
0.96668
0.96237
0.95091
0.9561
0.95396
0.94513
0.96494
0.97163
0.96953
0.94829
0.94471
0.94429
0.96463
0.91363
0.95486
0.95283
0.94058
0.93589
0.96012
0.96483
0.96668
0.96672
0.97019
0.97577
0.98404
0.97572
0.95523
0.97641
0.97114
0.96547
0.9479
0.95493
0.94797
0.9629
0.97158
0.97291
0.96051
0.97325
0.96964
0.96469
0.97693
0.97281
0.96043
0.97745
0.96647
0.97735
0.97981
0.96673
0.95102
0.9765
0.96127
0.95092
0.96326
0.95556
0.95577
0.94836
0.93991
0.94848
0.93863
0.95791
0.95734
0.93024
0.94266
0.96262
0.92349
0.96159
0.9423
0.94117
0.93917
0.89541
0.93071
0.93032
0.93378
0.90856
0.92225
0.93523
0.93008
0.94085
0.91862
0.91438
0.92773
0.94529
0.93497
0.9028
0.91841
0.91179
0.92163
0.91893
0.96423
0.92375
0.91611
0.92616
0.92112
0.932
0.9187
0.97058
0.93055
0.92556
0.94449
0.94155
0.90976
0.91867
0.9156
0.90376
0.88737
0.91447
0.92348
0.89518
0.91854
0.92637
0.93608
0.88522
0.94821
0.95065
0.91224
0.9889
0.98726
0.98003
0.98726
0.93474
0.99152
0.92973
0.98323
0.97802
0.98726
0.97801
0.97899
0.98305
0.97248
0.98646
0.98827
0.97656
0.93958
0.95803
0.9535
0.9563
0.96155
0.95403
0.94701
0.95933
0.98423
0.97807
0.92984
0.94626
0.94346
0.8969
0.95833
0.93954
0.95524
0.96148
0.96
0.96602
0.97062
0.96866
0.99372
0.94771
0.95392
0.94708
0.9645
0.99034
0.97711
0.9756
0.94878
0.95523
0.95671
0.94917
0.97428
0.94814
0.94827
0.96914
0.96947
0.96324
0.99174
0.99855
0.99766
0.97762
0.94754
0.96464
0.96632
0.97278
0.99002
0.98044
0.98662
0.97187
0.97183
0.97844
0.95599
0.94294
0.97125
0.93355
0.94538
0.95758
0.93966
0.95651
0.96411
0.97525
0.9788
0.97691
0.94074
0.92528
0.90531
0.9606
0.93573
0.95874
0.9262
0.97782
0.94042
0.96754
0.93141
0.96366
0.94651
0.93642
0.93309
0.93947
0.93871
0.94209
0.92872
0.95136
0.9219
0.92329
0.93644
0.93906
0.93128
0.95755
0.94963
0.94461
0.9438
0.96312
0.99572
0.97503
0.95755
0.92291
0.95306
0.99005
0.99304
0.9967
0.98571
0.92948
0.98886
0.9966
0.97649
0.93166
0.97451
0.97534
0.9804
0.94129
0.97496
0.95312
0.91716
0.95545
0.97303
0.97102
0.95807
0.97398
0.99241
0.95833
0.95322
0.94434
0.9711
0.95389
0.95222
0.9468
0.9415
0.91726
0.94638
0.92346
0.86841
0.93914
0.94063
0.91018
0.98399
0.98271
0.9975
0.99793
0.97896
0.99302
0.99156
0.98908
0.99653
0.98605
0.99194
0.98272
0.99426
0.96847
0.9645
0.993
0.98934
0.9862
0.92783
0.99555
0.98736
0.97502
0.98154
0.97513
0.98619
0.88502
0.97561
0.99335
0.98968
0.98244
0.95586
0.95414
0.99144
0.97155
0.97345
0.99843
0.98187
0.96036
0.96916
0.98218
0.99786
0.99622
0.99535
0.98496
0.99208
0.97672
0.97095
0.93746
0.92791
0.95578
0.93793
0.97272
0.94746
0.98287
0.97767
0.9713
0.97684
0.98923
0.98818
0.99643
0.99196
0.99147
0.98025
0.97779
0.96866
0.97983
0.9869
0.98967
0.99623
0.99339
0.98865
0.99605
0.99223
0.96859
0.9862
0.99284
0.96516
0.98139
0.99386
0.99263
0.98929
0.9706
0.99697
0.98467
0.97365
0.93032
0.96558
0.96057
0.96282
0.96093
0.97311
0.97184
0.96872
0.99135
0.97558
0.97375
0.95049
0.97201
0.976
0.99571
0.96756
0.97696
0.99005
0.99215
0.99681
0.99155
0.97877
0.99144
0.99604
0.98839
0.98373
0.99104
0.97598
0.95592
0.99188
0.98643
0.97026
0.9741
0.95741
0.96511
0.94998
0.95656
0.96623
0.96601
0.96165
0.97759
0.97014
0.97527
0.96877
0.97562
0.97849
0.97962
0.97154
0.9835
0.97971
0.97444
0.97575
0.98288
0.99853
0.94264
0.94958
0.98397
0.95969
0.96268
0.97947
0.97315
0.96768
0.97883
0.9719
0.9906
0.98429
0.97551
0.9851
0.96786
0.97872
0.96922
0.96516
0.94667
0.97146
0.98167
0.98037
0.95465
0.97163
0.99543
0.96904
0.97897
0.98477
0.97516
0.97044
0.98184
0.9893
0.9802
0.99283
0.99214
0.97787
0.99175
0.98989
0.9748
0.9816
0.99263
0.98424
0.98101
0.99533
0.99738
0.99131
0.99664
0.9923
0.97486
0.99758
0.9862
0.98064
0.97095
0.99431
0.99532
0.99943
0.98164
0.98065
0.97782
0.98271
0.9848
0.99633
0.99521
0.98947
0.97771
0.98796
0.97235
0.97483
0.95525
0.94574
0.97585
0.97453
0.94773
0.94786
0.96243
0.96342
0.97738
0.9889
0.97874
0.98055
0.9182
0.98209
0.97971
0.97707
0.96088
0.95382
0.95386
0.94933
0.95281
0.91485
0.9584
0.95853
0.94823
0.97243
0.94187
0.96516
0.95515
0.93511
0.93498
0.98693
0.98655
0.9882
0.97323
0.96878
0.97928
0.97348
0.98517
0.9826
0.988
0.98954
0.98935
0.98377
0.97958
0.97013
0.98476
0.9746
0.98145
0.98156
0.95533
0.95811
0.98621
0.97989
0.97661
0.98963
0.96794
0.98317
0.97963
0.98236
0.97676
0.95717
0.94777
0.97109
0.97331
0.97441
0.96093
0.97492
0.95564
0.95209
0.99473
0.98012
0.96869
0.99266
0.99075
0.95485
0.98577
0.98107
0.99733
0.99412
0.98931
0.99304
0.97916
0.97217
0.98958
0.96543
0.96395
0.94799
0.96397
0.94989
0.90384
0.95272
0.96805
0.97977
0.97177
0.98982
0.97279
0.96689
0.97993
0.97681
0.9794
0.99128
0.98127
0.97761
0.97863
0.98491
0.98704
0.97481
0.9698
0.96842
0.97547
0.99338
0.99198
0.97437
0.97464
0.99007
0.99361
0.988
0.99139
0.98236
0.98357
0.99014
0.99838
0.99484
0.99604
0.98632
0.98913
0.99156
0.98449
0.98737
0.97158
0.98788
0.9883
0.9803
0.99323
0.9788
0.97559
0.97447
0.98533
0.99542
0.97375
0.98617
0.99203
0.98849
0.97352
0.95849
0.98618
0.98603
0.99262
0.99398
0.99617
0.99841
0.99955
0.98776
0.99876
0.99123
0.9976
0.99407
0.98563
0.99641
0.99034
0.9853
0.99561
0.99513
0.99068
0.99167
0.99501
0.98956
0.98913
0.98223
0.98405
0.99018
0.99067
0.98501
0.99838
0.98904
0.99205
0.99374
0.99329
0.99847
0.99636
0.97532
0.98145
0.98726
0.98773
0.99645
0.99461
0.95589
0.99017
0.96244
0.989
0.96189
0.9945
0.99327
0.98909
0.9831
0.95296
0.9348
0.9956
0.9904
0.94561
0.95606
0.96645
0.96491
0.99084
0.98585
0.96599
0.98715
0.94699
0.95426
0.92417
0.9892
0.90579
0.93035
0.90998
0.98476
0.94041
0.93649
0.99079
0.97181
0.93231
0.95743
0.9562
0.93331
0.95089
0.94523
0.98259
0.97052
0.92846
0.95688
0.98958
0.9854
0.96701
0.9703
0.9679
0.9637
0.97801
0.97482
0.98059
0.98393
0.99739
0.96413
0.97968
0.99341
0.99768
0.95266
0.97289
0.99258
0.99759
0.99427
0.98897
0.99617
0.99236
0.99478
0.97002
0.9947
0.96381
0.97884
0.98327
0.99663
0.98771
0.97428
0.98853
0.96012
0.95193
0.99104
0.98768
0.98083
0.95218
0.97527
0.99769
0.98407
0.99534
0.99554
0.99229
0.99293
0.96831
0.96935
0.99657
0.9903
0.97481
0.92439
0.97174
0.97313
0.98906
0.99224
0.99011
0.98063
0.9852
0.99571
0.99873
0.98802
0.94337
0.99638
0.97351
0.97149
0.99147
0.98649
0.95052
0.95549
0.92412
0.97305
0.99514
0.98515
0.97204
0.99385
0.98352
0.98681
0.9896
0.97812
0.9771
0.98955
0.98535
0.97325
0.99419
0.96591
0.99156
0.97372
0.97134
0.97218
0.96509
0.98522
0.95788
0.96656
0.97368
0.99376
0.97726
0.97774
0.96435
0.97484
0.9879
0.98461
0.97308
0.96716
0.94977
0.99613
0.98875
0.99032
0.99949
0.97379
0.99199
0.99512
0.99581
0.99908
0.99577
0.99318
0.99595
0.99559
0.98751
0.9923
0.99298
0.99175
0.98967
0.98115
0.97993
0.9917
0.98033
0.99613
0.99531
0.96458
0.9903
0.99394
0.99848
0.99898
0.99615
0.99769
0.99898
0.99566
0.9993
0.99076
0.97652
0.99905
0.99768
0.99752
0.99819
0.99683
0.99861
0.99712
0.99809
0.99854
0.99823
0.96983
0.98939
0.98407
0.99068
0.998
0.99398
0.9982
0.99065
0.99309
0.999
0.99746
0.98571
0.99849
0.99595
0.99667
0.99773
0.99451
0.99924
0.99384
0.99542
0.98611
0.98608
0.97449
0.98362
0.98164
0.97967
0.99206
0.84628
0.98787
0.9689
0.99814
0.9993
0.99483
0.9948
0.98589
0.99649
0.98547
0.99496
0.95358
0.98792
0.9703
0.99182
0.97822
0.99931
0.99144
0.9775
0.97526
0.99024
0.99323
0.98117
0.97491
0.98845
0.97796
0.9873
0.96031
0.97988
0.98956
0.98988
0.99597
0.99627
0.99767
0.97812
0.97125
0.99357
0.95535
0.95586
0.97403
0.96132
0.98269
0.98104
0.97954
0.97821
0.96688
0.98574
0.98413
0.96244
0.96755
0.95026
0.98073
0.97497
0.98391
0.98172
0.98853
0.98335
0.99462
0.99652
0.98178
0.99023
0.99494
0.98896
0.97756
0.98406
0.99183
0.9932
0.97882
0.98171
0.98744
0.97064
0.99804
0.99089
0.97536
0.97658
0.96758
0.98986
0.9738
0.97823
0.99321
0.99698
0.99769
0.9973
0.98771
0.99503
0.97872
0.96947
0.95854
0.99827
0.94031
0.91913
0.95955
0.95079
0.94295
0.94013
0.94839
0.96838
0.97125
0.95061
0.95328
0.96177
0.90109
0.96554
0.94214
0.96126
0.95831
0.93654
0.9549
0.96376
0.96121
0.94059
0.97177
0.90801
0.95705
0.94172
0.96287
0.96178
0.9482
0.97098
0.9397
0.91817
0.95116
0.96783
0.8881
0.97904
0.96428
0.95256
0.97157
0.97279
0.98946
0.98783
0.98069
0.97716
0.96487
0.92091
0.97768
0.97287
0.97622
0.98835
0.99394
0.99307
0.9822
0.99588
0.99669
0.99328
0.9143
0.98778
0.98716
0.98401
0.99
0.98032
0.9878
0.98858
0.9909
0.97013
0.99548
0.91187
0.99057
0.98773
0.99601
0.99122
0.99259
0.98282
0.98934
0.98066
0.98538
0.99392
0.96077
0.98861
0.99115
0.98944
0.98009
0.99358
0.98464
0.98586
0.98987
0.99004
0.98721
0.91533
0.99188
0.99401
0.99716
0.97917
0.99642
0.99157
0.98165
0.99546
0.99762
0.98743
0.94101
0.96693
0.98536
0.99192
0.98889
0.98623
0.99702
0.98405
0.9902
0.98582
0.99468
0.94005
0.92977
0.98941
0.98309
0.99196
0.97709
0.99679
0.99483
0.99779
0.99765
0.99212
0.99111
0.93417
0.99175
0.99387
0.98883
0.98687
0.97832
0.98966
0.99197
0.99049
0.96494
0.98021
0.91844
0.90549
0.92453
0.93333
0.90336
0.89619
0.94696
0.94841
0.93185
0.93439
0.90859
0.93062
0.90129
0.89862
0.9103
0.90326
0.91475
0.92221
0.91003
0.92875
0.93763
0.92161
0.94875
0.95579
0.92971
0.9551
0.95565
0.94574
0.94706
0.93699
0.94216
0.93191
0.94588
0.93904
0.93948
0.91859
0.93857
0.93988
0.90967
0.92178
0.94453
0.92034
0.91933
0.92419
0.9602
0.9252
0.9121
0.9169
0.93697
0.9591
0.95464
0.95941
0.93462
0.94503
0.94357
0.95884
0.95723
0.95019
0.96746
0.97255
0.94719
0.95529
0.9568
0.93642
0.96543
0.94556
0.97574
0.95773
0.92823
0.95612
0.97163
0.9425
0.93846
0.95842
0.89897
0.94718
0.9356
0.95119
0.9451
0.93771
0.97769
0.96303
0.9647
0.96745
0.96049
