59.028
54.183
64.385
62.367
62.098
62.303
62.596
63.122
64.308
66.71
68.303
68.658
56.788
62.36
63.061
64.905
64.221
64.893
61.574
61.754
61.5
62.412
59.91
59.531
61.388
63.104
63.769
63.704
66.715
67.161
67.815
66.934
67.143
69.874
54.37
73.678
71.27
71.919
69.169
71.509
71.545
71.306
71.283
70.714
70.165
58.111
71.277
70.661
62.638
69.183
68.022
68.675
68.412
67.734
66.863
68.542
60.535
67.658
67.358
48.372
59.375
59.314
60.211
55.911
62.564
59.13
60.127
49.294
51.616
57.501
58.288
57.211
58.473
59.003
59.331
63.412
59.339
62.151
62.545
62.89
64.398
62.383
60.953
63.169
63.6
63.831
66.094
62.974
64.883
63.163
58.314
58.003
60.819
60.353
61.037
62.818
63.488
61.719
62.541
63.958
64.181
60.817
62.637
64.149
59.134
64.843
52.975
57.912
51.16
61.989
60.721
62.621
61.569
60.336
59.571
58.403
56.141
55.382
55.448
54.08
57.202
56.512
56.737
58.433
59.475
59.979
59.301
58.702
60.219
61.44
61.466
61.532
62.19
60.975
59.86
58.358
57.925
58.794
59.392
58.566
58.676
58.618
58.523
59.079
58.728
59.067
58.919
59.289
58.148
57.878
64.862
66.066
40.268
40.664
36.705
37.715
36.516
35.807
35.891
35.52
36.154
36.518
37.348
38.338
39.925
38.982
37.639
39.063
36.131
37.858
36.925
36.812
36.733
36.599
36.799
40.079
37.145
38.76
37.609
40.611
38.517
38.675
38.791
37.609
38.235
38.449
39.382
38.08
38.309
38.212
38.62
38.712
38.051
37.943
37.583
37.439
37.287
39.141
38.964
40.99
40.183
39.387
39.298
38.292
40.954
39.796
39.526
39.567
40.916
39.983
38.681
39.428
38.718
40.281
40.728
40.38
42.214
40.543
39.81
40.035
40.326
39.759
39.646
39.942
40.658
41.386
40.076
38.287
39.575
41.731
40.631
40.116
502.79
40.242
43.345
41.639
41.715
41.832
41.332
41.153
41.142
40.171
40.823
40.637
40.695
39.047
41.352
39.928
38.891
41.019
39.943
41
38.585
41.863
41.241
41.795
40.897
40.678
41.716
41.85
41.5
42.403
41.466
39.589
38.121
43.254
42.927
43.195
44.403
43.343
42.51
42.588
43.029
42.292
42.98
38.21
45.322
41.176
44.851
44.352
44.398
42.544
41.205
42.03
41.821
42.534
38.814
38.973
42.568
42.256
40.347
38.428
39.096
38.117
37.102
37.333
38.535
39.711
29.576
39.596
39.43
38.109
37.224
37.917
36.989
37.866
38.461
39.063
37.757
497.47
40.84
496.9
41.189
40.781
40.768
41.488
38.845
495.7
38.323
37.393
35.794
35.46
35.932
35.825
35.909
35.78
36.07
41.323
35.467
37.37
36.429
36.518
36.586
37.222
37.572
38.715
38.614
37.123
41.178
37.811
37.267
37.515
36.848
37.638
37.615
38.009
37.691
37.382
38.061
39.877
38.101
36.939
36.982
36.974
37.229
496.78
38.296
38.063
38.385
38.093
40.961
38.948
37.603
36.907
37.127
38.792
40.51
39.141
39.701
40.347
40.127
40.555
39.856
39.146
38.988
38.687
38.713
38.734
38.624
38.347
38.15
37.569
59.265
58.41
58.402
59.466
56.499
48.983
50.376
51.613
53.894
57.197
57.766
59.323
59.024
59.804
59.181
60.131
60.037
57.786
59.471
54.798
57.334
58.91
58.612
58.914
58.768
58.575
59.005
57.789
58.369
58.94
59.12
58.677
59.69
58.449
58.693
60.377
60.523
59.794
59.948
59.984
59.442
60.059
60.761
61.153
59.125
56.366
58.857
59.618
60.909
58.698
59.36
59.277
56.053
55.027
58.507
59.308
58.816
62.416
61.55
61.743
60.355
61.196
61.125
61.499
61.222
62.903
63.586
59.086
64.482
61.413
60.746
57.79
59.463
60.765
59.501
57.355
59.399
55.569
56.053
57.794
55.871
56.647
58.753
60.339
57.15
57.256
57.345
58.645
60.122
57.69
58.536
58.943
59.535
58.468
56.241
55.971
54.444
56.196
56.189
57.25
57.972
58.854
56.521
58.357
58.124
58.041
55.231
56.588
58.847
59.215
59.669
58.091
57.184
55.17
57.839
58.89
56.163
58.724
58.35
53.532
57.073
54.656
57.091
57.816
57.606
56.891
57.22
56.502
55.006
53.882
54.047
54.012
51.13
48.518
49.953
44.769
48.043
46.237
49.145
50.493
55.483
54.403
55.593
56.012
55.897
57.198
58.18
59.84
60.828
58.627
57.303
56.971
57.53
57.354
59.314
60.467
60.776
61.435
57.495
61.453
60.722
60.154
58.032
40.531
37.632
43.88
44.428
44.508
42.742
42.477
43.416
42.881
42.632
42.287
42.215
37.445
39.656
39.441
39.865
40.808
41.261
35.155
35.382
37.018
36.797
39.151
40.086
40.541
40.725
41.004
40.925
41.173
41.582
41.585
41.645
41.847
41.87
41.987
41.839
41.763
41.758
42.03
41.721
41.611
41.82
41.602
41.211
41.434
41.788
45.522
47.115
39.896
40.126
40.141
37.122
35.449
37.168
37.688
38.903
41.135
39.855
41.83
43.35
44.404
44.607
44.686
44.758
44.881
44.499
44.154
41.296
43.34
44.011
44.223
45.408
44.602
44.26
42.222
44.24
45.454
45.267
42.207
45.567
45.779
46.708
46.321
48.362
49.791
48.909
45.793
45.672
37.801
38.727
39.742
41.831
43.792
43.727
44.469
45.439
47.148
48.096
48.166
43.947
39.545
42.727
43.621
44.669
43.099
44.095
44.081
42.249
42.304
40.04
38.379
42.344
38.72
40.625
41.158
41.733
41.495
42.488
43.222
42.686
39.751
40.517
39.782
39.119
40.631
38.893
37.246
39.046
41.145
42.239
37.667
36.655
36.976
37.03
37.397
37.198
35.988
34.119
32.506
32.823
32.309
39.288
41.379
41.441
42.619
43.021
44.334
45.418
41.136
45.43
44.678
37.539
37.309
37.517
38.632
39.135
40.041
37.113
37.569
41.009
39.728
41.962
43.552
44.279
44.391
42.346
40.841
39.478
38.258
38.766
41.655
39.517
40.258
40.727
43.146
44.18
44.227
44.135
43.89
44.338
44.553
39.458
44.901
45.456
44.823
44.24
44.641
45.017
39.467
38.02
36.533
34.313
37.862
36.332
36.911
37.834
39.087
39.85
40.216
38.548
38.835
39.351
39.991
37.779
39.57
39.142
38.452
38.466
38.374
36.269
37.699
39.4
41.743
43.958
37.831
45.114
40.521
39.817
39.859
40.252
41
41.437
40.23
42.284
43.956
36.998
33.06
38.059
37.813
39.646
39.042
40.054
40.549
42.038
39.301
33.921
33.864
33.249
33.986
35.958
35.572
37.337
38.202
36.441
35.489
35.495
35.748
34.775
34.194
34.492
34.756
34.672
34.72
35.574
31.198
33.87
34.084
34.393
33.922
32.742
33.678
34.319
34.996
35.359
35.039
35.047
36.2
36.201
37.163
37.467
32.127
38.093
37.615
36.412
37.748
38.982
39.238
38.899
38.342
38.78
38.024
33.19
38.75
37.873
38.467
37.861
37.704
35.334
34.273
35.786
35.172
36.44
33.752
37.966
38.326
38.397
38.806
39.099
39.42
39.974
39.633
40.077
40.59
33.711
41.285
41.348
40.133
40.856
40.834
41.116
41.786
41.755
42.189
42.272
34.058
41.984
41.772
40.594
40.387
40.326
39.616
39.846
40.37
41.315
40.996
34.266
41.911
42.306
42.569
42.204
42.446
42.525
43.322
43.231
43.679
42.226
34.526
34.805
41.986
41.371
41.184
41.724
42.501
41.996
43.455
43.607
43.596
43.31
34.372
43.168
43.384
43.656
44.289
43.405
41.778
40.861
40.943
41.015
40.853
34.158
40.774
40.685
41.28
43.099
43.664
42.978
42.683
41.578
40.146
40.805
34.689
41.443
41.371
41.464
41.274
43.278
43.651
43.836
43.681
44.083
34.898
35.641
35.209
35.89
36.698
36.619
36.675
34.818
37.984
37.761
37.585
37.693
38.238
38.816
39.246
39.224
40.523
40.692
34.915
39.814
39.917
38.528
40.418
39.679
40.821
40.809
42.169
36.053
36.888
35.074
38.053
38.954
39.405
39.491
40.893
40.847
40.235
39.167
38.601
37.993
35.853
38.177
38.017
38.023
37.95
38.061
38.216
37.315
38.583
38.857
37.604
32.559
36.418
36.246
36.079
36.422
36.555
34.798
35.422
36.784
36.586
35.633
31.383
34.518
35.255
35.514
37.236
37.391
37.979
38.213
38.259
39.273
38.808
33.448
40.163
39.815
39.726
40.012
41.85
41.283
40.947
41.399
38.343
38.83
38.134
34.214
37.905
38.151
37.984
38.481
38.196
38.641
38.921
39.046
38.302
38.117
39.429
40.184
40.871
40.947
40.908
40.161
39.672
39.481
39.583
39.61
40.041
38.809
40.802
41.372
41.271
40.581
41.667
40.979
41.316
41.227
41.324
42.18
39.546
42.078
42.849
42.636
43.137
44.954
43.644
44.054
44.28
42.679
42.915
39.684
42.072
41.91
42.124
42.411
41.946
41.7
43.132
42.12
42.761
43.17
40.356
44.964
45.205
43.743
43.986
44.689
43.051
44.225
42.09
40.769
42.891
39.172
42.958
42.643
42.834
42.365
42.452
43.075
43.627
41.916
41.616
41.492
40.43
41.251
41.066
41.053
43.003
43.597
48.129
45.316
44.287
44.303
44.023
38.505
44.412
43.264
42.289
42.099
43.053
41.961
40.716
41.479
41.395
41.034
38.582
41.775
40.823
42.403
42.54
41.628
41.819
42.373
38.387
41.878
40.99
36.389
37.401
42.096
41.976
40.719
41.179
39.637
40.665
41.411
38.182
38.236
36.738
37.643
34.483
35.107
35.688
34.808
34.557
33.857
33.903
33.989
33.112
32.12
37.71
33.046
33.122
36.648
36.325
36.818
32.226
34.917
33.769
32.812
32.713
38.351
29.732
32.049
32.064
32.675
32.682
32.879
34.086
35.934
37.095
36.742
36.871
37.455
38.959
37.794
37.817
37.268
37.366
37.181
38.075
40.112
37.518
38.697
39.515
39.278
34.525
36.128
33.645
35.162
34.832
34.421
34.039
37.633
37.578
36.882
34.585
38.014
33.929
37.724
37.871
36.444
35.307
35.111
35.185
35.633
36.361
37.608
37.778
35.094
36.883
37.924
39.02
38.461
37.935
38.422
37.463
35.205
35.173
37.542
34.87
37.634
37.951
38.201
38.313
38.97
38.492
38.782
38.215
38.377
38.935
34.602
38.722
39.478
39.037
39.3
38.742
36.625
35.395
34.687
34.815
36.707
35.408
37.835
38.658
38.027
37.491
38.016
38.896
38.425
38.4
38.354
38.3
46.331
47.473
50.29
50.383
50.225
50.017
50.618
50.162
48.732
48.987
48.959
49.287
47.308
48.812
50.03
49.621
49.739
49.385
49.233
48.885
48.592
48.742
48.856
49.055
48.712
49.393
49.401
49.667
49.905
49.757
51.56
53.721
53.556
53.815
47.456
53.821
53.364
53.698
54.509
54.49
54.614
54.976
54.983
57.641
57.897
47.077
58.121
58.169
58.018
56.634
55.419
54.834
53.554
53.048
53.003
53.358
47.02
54.031
53.962
53.7
53.976
55.101
54.956
57.465
57.472
55.677
55.255
46.375
55.407
55.963
55.196
54.982
55.212
55.507
55.252
55.594
55.168
54.168
46.1
53.688
53.324
53.7
54.578
54.747
51.036
51.092
51.972
51.711
53.107
46.708
52.202
51.569
49.573
50.385
50.249
50.692
33.502
45.83
44.449
46.895
44.735
47.176
48.555
47.242
46.16
46.49
43.946
43.929
44.056
46.958
45.431
44.552
44.836
45.511
46.608
46.293
46.379
45.908
46.507
47.304
47.182
48.025
48.007
48.188
49.503
50.106
50.213
50.429
50.03
49.488
48.443
46.828
47.129
43.23
44.071
45.322
46.39
47.383
46.971
47.081
46.785
45.098
47.356
46.032
47.4
45.495
46.954
47.08
47.429
48.18
48.298
48.897
47.738
46.418
48.183
48.496
48.821
48.722
48.788
48.57
48.915
49.123
47.01
48.317
47.379
46.743
46.991
46.043
44.586
45.232
47.94
47.669
47.989
48.327
48.066
45.012
49.058
49.717
49.869
49.155
49.618
49.058
49.668
49.195
50.006
49.572
57.166
55.811
52.126
51.972
51.556
53.053
52.434
52.721
52.454
54.017
52.182
52.644
58.531
52.731
52.314
47.509
50.436
53.321
53.82
53.699
55.795
53.878
53.853
57.611
53.545
52.852
50.508
50.481
47.471
50.766
49.402
47.881
48.721
49.963
56.709
50.01
49.91
49.257
49.803
47.144
47.14
47.485
48.561
48.006
48.134
57.478
48.592
48.815
49.166
49.483
49.834
50.267
52.011
51.582
51.291
51.174
58.036
51.907
51.606
51.527
51.003
51.767
51.656
51.929
52.322
53.437
54.476
57.572
53.74
53.623
53.508
56.11
55.224
55.195
54.574
55.538
54.392
53.931
58.391
54.237
55.498
55.027
54.788
53.957
53.64
53.747
54.709
54.331
56.291
58.406
62.362
64.05
66.048
54.76
53.621
55.077
51.539
52.269
50.891
50.849
50.379
50.972
51.579
51.233
52.109
55.713
51.621
51.422
51.978
55.33
53.682
51.059
48.247
48.678
46.921
47.101
52.387
46.787
47.506
46.274
49.417
50.75
49.195
47.846
49.614
50.842
51.326
53.612
51.909
53.571
53.422
53.739
53.007
53.979
54.464
51.827
52.881
48.522
55.19
48.036
48.677
48.08
51.928
50.858
50.218
51.326
50.544
48.241
47.942
54.789
46.508
45.643
48.803
49.252
49.639
49.819
50.606
50.074
50.548
50.948
55.949
49.172
46.502
45.065
44.848
48.391
47.959
45.224
44.275
44.068
44.071
57.404
45.394
47.105
46.456
48.19
50.946
49.98
49.434
51.336
52.934
51.796
37.431
46.955
42.429
41.621
41.778
43.586
42.608
41.284
40.568
40.501
40.309
40.662
39.547
41.07
41.644
42.058
41.737
41.342
41.354
41.373
41.383
40.826
41.046
36.914
41.116
42.002
42.976
42.748
42.597
42.952
42.736
42.178
41.562
40.776
36.58
40.563
42.055
38.495
37.852
37.931
38.058
38.377
38.741
38.698
39.608
36.529
39.177
39.559
40.11
40.593
40.713
40.815
41.012
40.984
39.526
38.893
36.54
39.082
38.423
37.66
39.81
39.032
38.93
39.398
38.511
39.23
40.123
36.407
43.323
36.944
37.105
37.477
37.858
37.971
37.56
37.874
37.824
37.992
36.156
37.673
37.159
37.44
36.978
36.586
36.824
36.967
37.668
36.688
37.439
36.224
37.258
37.347
38.291
38.36
38.702
38.589
38.016
37.619
38.659
38.051
37.119
38.547
37.99
37.861
37.923
37.977
38.047
38.064
38.216
38.223
38.187
37.27
36.344
38.257
37.94
37.849
37.44
36.362
36.53
37.187
37.526
37.578
37.847
36.539
38.821
38.49
39.1
38.865
38.629
39.037
38.411
38.025
38.151
37.985
36.507
38.051
37.651
37.703
37.422
37.867
37.997
37.803
37.956
38.573
38.775
37.035
38.938
32.26
36.53
37.028
38.16
37.913
38.011
38.103
37.57
38.305
37.72
37.672
37.599
38.649
40.817
38.219
37.594
38.037
37.592
37.888
37.524
37.842
37.498
37.286
37.202
37.739
37.232
37.419
37.752
38.643
37.494
37.981
37.937
38.242
37.851
37.714
37.954
38.45
37.546
37.461
38.142
37.039
38.355
39.416
40.815
41.309
41.824
42.031
42.851
46.925
44.346
44.884
36.717
45.428
44.214
43.737
42.926
43.181
43.207
42.561
42.589
42.55
42.007
36.57
41.93
41.279
40.905
40.638
40.44
40.216
40.057
40.146
39.854
39.406
36.752
39.06
39.789
40.316
40.885
40.683
41.706
42.368
42.122
42.006
42.166
31.254
31.434
30.597
30.622
30.697
31.006
31.446
31.326
31.841
31.709
31.525
31.664
31.575
31.343
31.674
30.852
31.209
31.072
30.891
30.859
30.602
30.566
30.938
31.88
30.818
30.744
30.752
30.714
30.616
29.493
29.894
30.325
30.888
31.039
31.948
30.543
28.981
29.293
29.313
30.055
31.38
30.827
30.757
30.61
30.643
31.864
30.61
30.217
30.28
30.208
30.352
29.884
29.999
30.224
30.078
29.967
31.804
30.05
30.315
30.552
30.675
30.798
30.952
30.913
31.031
30.452
30.106
31.751
30.152
29.526
29.653
30.291
31.395
29.871
29.762
29.645
30.287
30.055
31.83
30.16
30.15
30.222
30.342
30.499
30.62
30.412
30.12
29.731
29.542
31.766
30.364
30.258
30.417
30.443
30.413
30.418
31.083
31.175
31.098
30.98
32.191
31.178
31.368
31.423
31.428
31.03
30.722
30.705
29.824
29.772
29.986
31.402
31.882
30.114
30.235
30.306
29.089
28.691
28.558
28.598
28.747
28.932
29.13
31.753
29.246
29.491
29.436
29.159
29.376
29.707
29.507
29.393
29.598
29.511
31.806
29.517
29.437
29.323
29.431
29.477
29.488
29.245
29.32
29.069
30.375
31.798
30.268
30.744
30.81
30.897
30.929
30.672
30.951
31.202
30.949
31.392
31.729
30.504
30.77
31.328
30.929
30.856
30.806
30.431
28.835
29.396
30.486
31.297
30.747
30.894
30.708
30.522
30.365
29.979
30.135
30.019
30.144
30.169
31.441
30.761
30.681
30.926
31.086
31.397
31.468
31.958
31.815
31.775
32.563
31.806
57.413
38.285
42.004
33.646
45.658
33.224
33.162
33.045
33.398
33.252
30.943
33.274
33.476
33.674
33.876
33.805
42.299
40.097
37.147
49.971
74.173
30.382
62.847
38.402
42.858
37.479
34.781
33.211
29.868
29.965
30.748
30.163
30.623
30.679
30.714
30.941
30.764
29.969
29.622
30.58
29.753
30
30.316
30.024
30.017
30.236
30.321
30.563
30.4
30.036
30.976
29.183
29.232
29.241
28.99
29.415
29.667
29.568
29.086
28.715
29.383
30.893
28.858
28.267
28.964
28.668
29.032
29.934
30.235
30.619
30.782
30.994
31.001
30.94
30.939
31.133
31.286
31.405
31.32
31.052
31.056
29.9
29.838
31.661
29.699
29.775
29.644
29.966
30.075
30.103
30.123
30.142
29.759
29.843
32.017
29.793
29.825
30.213
29.47
29.292
29.813
30.405
30.538
30.602
30.443
33.363
35.788
42.448
44.925
41.176
37.415
38.993
40.183
41.442
38.121
38.837
40.594
38.449
40.908
41.241
43.356
45.933
37.103
40.603
41.411
41.821
36.418
41.243
40.375
40.359
42.613
42.586
45.319
46.275
43.857
44.509
41.934
44.709
44.134
40.484
44.053
38.267
35.967
38.985
34.833
35.319
40.149
39.033
40.708
39.432
39.829
38.599
39.176
39.37
39.824
37.211
38.974
39.53
39.754
40.582
41.935
40.562
41.42
41.612
40.4
39.883
40.51
39.652
37.93
33.718
35.911
36.862
38.305
37.981
38.322
38.701
38.957
39.694
39.216
38.256
39.162
33.284
37.589
32.664
39.152
39.653
39.788
39.689
39.589
39.33
40.016
39.914
39.758
40.179
34.989
40.794
40.7
42.159
40.358
36.079
40.603
43.097
43.075
43.496
43.954
37.648
42.985
43.671
45.778
45.275
45.023
45.983
45.704
45.824
45.912
46.562
34.571
39.374
46.179
47.04
49.321
51.239
55.804
56.298
53.396
53.037
51.736
50.257
39.882
49.099
49.43
46.473
47.529
48.652
49.969
49.153
49.582
50.586
53.745
39.644
59.266
58.701
58.468
59.763
54.763
51.81
50.949
52.287
49.882
51.086
39.419
50.657
49.947
36.553
39.685
39.057
39.46
39.402
40.779
37.739
35.926
40.325
39.443
39.044
31.427
31.716
32.356
31.907
31.498
32.063
32.524
37.524
32.744
32.992
34.147
34.358
32.023
34.406
37.979
37.969
38.645
40.109
38.124
39.403
39.311
39.049
39.476
38.455
38.09
38.215
39.139
36.109
36.623
38.365
37.319
34.286
30.936
35.542
36.138
36.816
38.005
37.893
37.424
35.066
38.136
36.797
36.855
38.31
37.986
39.492
35.08
35.029
37.494
38.011
38.124
38.757
38.72
39.172
39.506
40.242
38.794
36.893
37.713
38.906
39.049
38.635
39.8
39.107
38.074
37.361
37.921
35.293
35.731
39.458
40.503
40.278
42.152
36.823
36.61
35.609
33.884
33.006
33.167
33.822
33.563
33.314
34.315
34.522
33.742
36.206
34.065
33.878
32.917
33.918
34.419
35.475
29.897
37.38
36.563
36.34
39.127
37.19
36.562
36.611
35.496
35.543
32.318
32.984
32.834
28.744
38.212
38.574
36.751
36.6
35.529
32.194
36.196
36.201
36.437
36.144
37.035
38.169
40.698
38.662
39.017
38.632
33.074
35.718
39.037
36.969
36.5
37.207
36.442
43.848
31.207
35.742
37.403
37.881
39.665
40.448
39.89
41.778
42.793
43.077
40.221
42.402
44.549
44.785
44.206
44.614
44.301
44.927
46.948
47.701
48.328
40.696
46.591
46.697
46.772
47.657
48.203
48.642
46.199
45.761
49.086
50.49
39.377
49.996
47.675
48.126
50.02
46.246
46.752
49.027
49.693
52.057
48.336
41.445
47.474
48.159
46.345
45.661
45.205
45.862
47.471
46.764
48.891
48.439
37.586
37.222
48.857
49.465
47.798
48.534
52.251
51.114
50.807
47.557
46.77
46.535
36.896
46.086
47.292
46.523
51.267
51.042
46.798
53.143
52.225
54.435
52.738
36.129
52.723
53.449
56.806
57.934
53.199
53.568
52.749
51.688
56.902
52.347
40.329
52.213
51.664
39.068
38.306
37.891
35.3
37.809
39.443
35.991
33.37
38.161
38.89
39.05
35.99
33.404
35.251
37.534
39.247
36.927
34.575
35.361
36.595
37.25
37.239
36.61
32.872
36.522
36.183
35.281
35.326
34.564
34.006
34.263
36.051
36.157
38.478
35.645
36.817
35.96
34.103
35.009
34.585
37.078
36.78
33.726
32.925
34.369
34.003
35.768
36.619
39.137
40.123
33.697
43.912
43.667
44.444
46.921
44.378
46.32
46.398
45.121
45.552
49.475
35.505
49.874
48.515
48.098
46.141
48.029
45.851
51.172
43.951
43.185
41.625
35.854
42.165
40.418
37.399
40.183
36.343
33.459
33.409
34.111
34.824
33.302
38.407
40.148
35.61
35.491
36.817
37.308
38.137
37.527
37.812
37.093
38.175
38.047
41.188
38.657
38.479
38.445
39.137
38.983
38.154
38.93
38.67
38.587
38.817
41.869
39.325
39.587
40.118
40.215
39.981
40.073
39.921
40.362
39.452
37.586
42.246
38.2
37.54
38.071
38.173
38.012
38.111
38.337
37.232
36.828
36.564
42.384
36.426
36.253
37.453
38.706
39.399
39.34
39.922
39.575
37.211
36.394
41.975
36.266
38.638
38.643
38.681
38.594
38.344
38.907
39.552
39.479
39.142
39.393
40.038
40.325
40.146
40.036
40.347
38.545
40.503
40.795
40.79
39.99
41.083
39.501
39.668
38.81
38.627
39.523
39.608
39.394
39.287
39.473
40.576
40.535
40.346
39.385
38.974
38.762
38.832
38.97
38.735
38.934
39.156
39.093
40.35
38.758
38.599
38.779
38.652
39.933
39.952
41.015
41.308
41.669
41.116
38.988
40.435
40.79
40.657
40.566
40.618
40.383
40.58
40.537
40.734
41.656
41.588
40.181
42.385
43.237
43.16
42.836
42.543
42.17
41.767
41.749
41.522
41.617
39.924
41.733
42.195
42.363
42.474
43.491
43.271
43.383
43.475
43.269
42.943
40.09
42.331
42.262
33.715
40.399
40.508
41.255
39.91
40.305
40.322
38.811
40.634
40.776
40.863
40.744
39.518
39.812
38.839
40.461
37.952
37.703
39.291
37.867
38.362
38.068
37.923
37.987
38.667
37.728
38.29
38.849
38.556
38.954
39.033
38.973
37.496
39.651
39.648
39.071
39.271
39.309
39.215
39.333
38.676
39.1
39.12
39.301
39.107
39.156
37.67
38.439
39.207
38.855
37.966
39.753
38.736
38.235
38.061
38.723
38.979
39.36
38.721
38.934
39.378
39.673
39.543
39.123
38.772
38.752
38.585
39.117
39.161
39.154
39.137
38.887
37.48
40.918
38.27
38.519
38.806
38.051
36.88
36.901
37.207
37.887
37.197
36.533
50.262
45.24
44.448
45.187
46.441
43.463
43.908
44.978
45.171
45.204
45.376
44.866
45.498
44.138
44.64
45.74
45.967
45.304
44.204
42.867
41.991
41.941
42.527
46.937
42.524
42.581
43.368
45.77
46.325
48.369
49.136
49.691
49.147
45.901
47.601
46.978
47.177
47.307
45.611
47.469
48.507
49.337
48.442
46.584
49.714
51.451
50.418
50.945
53.189
53.993
53.376
52.284
52.061
51.749
52.021
51.852
52.792
52.733
48.344
50.339
50.493
51.649
53.158
52.844
54.866
54.825
55.322
53.499
54.888
52.181
51.346
52.312
51.308
52.72
52.945
53.433
54.505
58.992
53.782
60.638
59.128
56.598
56.453
57.744
59.212
58.573
59.537
60.339
61.616
53.015
60.665
60.383
56.545
58.571
57.029
57.919
58.476
50.798
46.414
51.405
49.714
49.146
49.207
46.485
46.871
45.266
45.02
44.35
43.867
43.803
42.878
50.073
42.779
42.804
43.021
42.267
45.532
47.649
48.831
47.224
47.124
44.923
49.831
45.366
44.486
43.681
44.311
44.439
44.6
46.172
47.001
47.053
47.659
47.974
48.872
49.432
50.861
46.861
49.421
50.596
50.064
50.294
50.651
49.254
46.717
48.928
48.137
49.811
51.193
50.491
47.015
47.809
49.333
47.534
52.509
46.398
53.545
48.641
47.01
46.324
48.086
48.289
48.967
50.535
51.267
51.664
45.76
51.725
53.122
53.553
46.367
44.77
44.18
44.079
45.122
45.383
45.716
47.757
46.554
47.654
48.266
48.091
49.36
48.894
45.907
45.69
48.494
44.752
39.094
38.346
38.141
38.371
38.644
36.98
37.285
39.119
37.651
35.414
35.655
36.304
37.426
37.408
37.868
38.064
40.069
41.094
41.528
41.562
42.11
42.094
42.535
40.744
36.878
39.586
42.211
42.646
41.969
38.228
39.006
38.603
37.471
37.755
37.385
37.814
37.981
36.551
39.977
40.964
42.472
42.286
42.039
41.688
41.431
41.284
41.136
40.87
37.737
36.244
36.269
38.248
38.289
36.392
37.081
40.368
40.591
39.554
39.65
41.495
41.738
40.794
40.055
41.943
41.214
42.599
37.757
40.112
44.715
42.955
43.131
45.424
37.106
37.285
41.247
42.064
43.115
43.105
43.388
43.354
42.065
42.79
40.355
42.634
42.883
42.64
42.697
40.629
40.682
41.907
43.046
41.529
42.805
43.545
44.067
42.673
43.489
44.314
44.315
44.727
45.654
45.89
42.079
46.376
46.501
46.223
45.855
46.39
47.4
47.381
49.152
48.726
47.228
42.336
46.925
47.595
47.152
48.139
49.6
49.662
50.05
49.76
50.459
52.081
42.961
53.858
49.939
43.504
48.54
49.839
45.219
49.036
48.569
48.704
47.385
36.337
47.538
48.61
36.952
38.309
38.217
37.163
37.152
38.127
40.065
40.49
39.042
40.525
39.867
40.993
41.011
40.291
39.522
36.735
36.566
36.194
35.882
37.901
39.296
40.042
39.318
38.675
35.691
34.861
34.994
36.337
36.233
35.739
35.59
35.053
35.731
36.247
36.109
35.604
34.917
33.398
33.983
35.429
35.56
35.741
35.516
35.717
35.646
35.607
34.962
35.478
59.538
35.16
35.239
34.412
33.888
34.089
34.295
35.095
37.886
38.85
39.307
39.731
39.496
34.526
34.839
35.312
36.582
36.141
39.939
39.862
40.44
40.441
41.025
40.06
36.809
35.693
37.114
36.794
