0.90473
0.82927
0.99829
0.98932
0.98918
0.99017
0.99479
1.0023
1.0032
1.0418
1.054
1.0007
0.83486
0.98019
0.9913
1.0119
1.013
1.0288
0.94008
0.9627
0.95497
0.94904
0.93135
0.81544
0.95826
0.978
0.99633
1.0002
1.0366
1.0538
1.0532
1.0623
1.0283
1.0853
0.77337
1.1012
1.0745
1.0767
1.0428
1.1199
1.1111
1.1097
1.1044
1.099
1.0355
0.90806
1.0818
1.0197
0.94875
1.0306
1.0023
1.0543
1.0318
1.0294
0.9965
1.0474
0.90673
1.0525
0.9852
1.0516
0.89716
0.88838
0.88797
0.84586
0.9641
0.92008
0.9017
0.76523
0.78249
0.85785
0.9118
0.88984
0.91456
0.92239
0.92546
0.9866
0.88882
0.9579
0.96602
0.96344
0.96793
0.95264
0.93355
0.98284
1.0053
0.98599
0.97443
0.99267
0.97928
0.92309
0.87976
0.86458
0.9471
0.91591
0.95035
0.98088
0.99068
0.89902
0.98765
0.99536
0.9673
0.90921
0.9419
0.96443
0.89601
0.97587
0.79421
0.87148
0.79175
0.96116
0.95537
0.9665
0.95756
0.9419
0.92822
0.91145
0.86038
0.79974
0.80673
0.83505
0.89573
0.8912
0.89238
0.91453
0.92398
0.92175
0.89174
0.90665
0.93298
0.94969
0.92218
0.95627
0.97267
0.8813
0.907
0.91307
0.90934
0.92494
0.93207
0.9191
0.91673
0.8643
0.92094
0.93166
0.92313
0.93063
0.92507
0.92514
0.88938
0.88884
0.98836
1.0059
0.61318
0.63119
0.57438
0.5797
0.57108
0.55333
0.54888
0.55256
0.56475
0.57522
0.57702
0.59221
0.62526
0.59082
0.58818
0.56933
0.55036
0.5777
0.57333
0.57646
0.57636
0.56771
0.57612
0.6209
0.57723
0.59397
0.59052
0.60918
0.59765
0.60311
0.59519
0.58474
0.59834
0.60326
0.60168
0.59338
0.59153
0.58848
0.59126
0.59864
0.59931
0.59769
0.5954
0.59396
0.58043
0.59101
0.58645
0.60312
0.59767
0.60083
0.59756
0.59485
0.6055
0.6048
0.59336
0.5895
0.626
0.60524
0.59424
0.60401
0.59487
0.61459
0.61275
0.61892
0.6277
0.62504
0.62582
0.62458
0.63239
0.62482
0.62394
0.60677
0.60868
0.62771
0.60634
0.59026
0.59811
0.61802
0.62782
0.61083
1.5469
0.6158
0.63289
0.61494
0.61901
0.62702
0.64341
0.64078
0.62995
0.61802
0.63678
0.63456
0.62631
0.60209
0.61437
0.60302
0.59098
0.61343
0.60247
0.62018
0.60326
0.62153
0.62818
0.63482
0.63061
0.62844
0.65374
0.65586
0.65041
0.64844
0.63138
0.60386
0.59634
0.6393
0.64381
0.63426
0.63181
0.62523
0.62933
0.63118
0.6273
0.64206
0.64201
0.59559
0.65829
0.62639
0.65685
0.65422
0.65643
0.6278
0.61738
0.61991
0.61469
0.62401
0.59663
0.59368
0.62853
0.63045
0.61167
0.58416
0.5901
0.58691
0.57422
0.57854
0.58816
0.61322
0.61617
0.60908
0.60378
0.58998
0.58066
0.59142
0.56996
0.59198
0.57871
0.60407
0.58086
1.5278
0.61972
1.5341
0.59734
0.61078
0.61154
0.61694
0.5917
1.5132
0.5771
0.57733
0.56125
0.55675
0.5574
0.55526
0.55834
0.54853
0.55842
0.61657
0.55514
0.57293
0.56982
0.56942
0.57604
0.57491
0.58153
0.59503
0.58545
0.58094
0.62966
0.58389
0.58326
0.58101
0.5773
0.57719
0.58066
0.58475
0.58055
0.58694
0.58513
0.62193
0.58709
0.57503
0.57722
0.56678
0.5621
1.5035
0.58127
0.58777
0.59306
0.59287
0.62509
0.6039
0.57938
0.57138
0.57302
0.58229
0.60759
0.60081
0.60866
0.6211
0.6167
0.62492
0.61216
0.60415
0.60338
0.60358
0.59833
0.59739
0.59729
0.59734
0.59871
0.58754
0.9181
0.90786
0.91817
0.9116
0.79467
0.74674
0.73624
0.75206
0.81835
0.85778
0.91132
0.93013
0.91728
0.92422
0.91965
0.95224
0.93209
0.90252
0.87755
0.82523
0.84995
0.89698
0.90718
0.90058
0.91712
0.91571
0.90766
0.89387
0.90618
0.90937
0.90798
0.88946
0.88807
0.84461
0.90289
0.88236
0.85822
0.89506
0.90948
0.91396
0.89239
0.9185
0.95507
0.94886
0.91318
0.86898
0.90803
0.90375
0.9105
0.89462
0.91084
0.90799
0.8117
0.82157
0.89541
0.92587
0.8971
0.90542
0.91234
0.90882
0.91162
0.93262
0.92048
0.90622
0.91163
0.91933
0.99885
0.92124
0.96255
0.92042
0.91656
0.92474
0.93351
0.93104
0.93538
0.88878
0.91546
0.83406
0.88157
0.89187
0.86458
0.87202
0.92629
0.90055
0.87936
0.87595
0.8971
0.91531
0.91149
0.88408
0.90642
0.91536
0.92905
0.90927
0.88422
0.86616
0.85267
0.86822
0.8655
0.89741
0.91051
0.90758
0.86298
0.91827
0.92129
0.90719
0.85669
0.87824
0.83242
0.92391
0.94455
0.91736
0.873
0.85246
0.90773
0.91018
0.884
0.88406
0.91142
0.80158
0.87842
0.84743
0.87354
0.9098
0.91346
0.89862
0.88952
0.87601
0.86044
0.84674
0.83194
0.83095
0.76887
0.74398
0.76488
0.69
0.73342
0.69153
0.75268
0.77993
0.86495
0.80637
0.8781
0.87571
0.88013
0.89908
0.90804
0.93028
0.92832
0.9024
0.8851
0.88702
0.89043
0.87616
0.90875
0.90495
0.90588
0.9305
0.86557
0.94551
0.94292
0.91298
0.90066
0.62626
0.59645
0.68727
0.69246
0.69042
0.6765
0.67405
0.68507
0.68027
0.67562
0.67191
0.63567
0.59301
0.61416
0.62045
0.61621
0.62694
0.6091
0.54133
0.54322
0.57606
0.57913
0.60335
0.61034
0.62462
0.64005
0.64814
0.64916
0.65258
0.65904
0.66094
0.66234
0.66433
0.65692
0.64897
0.66413
0.6647
0.66266
0.65778
0.65028
0.65602
0.65684
0.6485
0.65498
0.65276
0.64773
0.67584
0.68936
0.62407
0.62782
0.62914
0.56554
0.55216
0.56406
0.59475
0.61109
0.63655
0.62254
0.64079
0.66826
0.69064
0.70332
0.70702
0.70978
0.71035
0.70262
0.69986
0.64444
0.6795
0.67861
0.69426
0.69906
0.69328
0.6858
0.64715
0.67286
0.70351
0.71613
0.64606
0.7204
0.72138
0.70839
0.72579
0.74544
0.75915
0.73517
0.71244
0.67981
0.58943
0.60062
0.61252
0.64945
0.6832
0.67222
0.68614
0.7125
0.72777
0.74848
0.70465
0.68332
0.61663
0.67438
0.68295
0.68514
0.67688
0.68093
0.66402
0.66535
0.65585
0.62818
0.60632
0.65188
0.61214
0.63192
0.64915
0.65367
0.64122
0.65847
0.67482
0.66459
0.6119
0.63362
0.62458
0.60792
0.63106
0.58961
0.58305
0.61238
0.63658
0.64723
0.58696
0.57509
0.58364
0.58188
0.5797
0.58534
0.55394
0.53336
0.51584
0.51626
0.52214
0.6041
0.6297
0.63694
0.64805
0.65673
0.68361
0.70678
0.63573
0.70835
0.65297
0.58607
0.58508
0.58865
0.60763
0.61179
0.61284
0.57834
0.58231
0.63733
0.61491
0.65158
0.67988
0.69621
0.67285
0.66709
0.64174
0.6068
0.5995
0.60746
0.6284
0.61749
0.62223
0.63018
0.65424
0.66573
0.68794
0.67846
0.68738
0.69239
0.69455
0.60941
0.699
0.70087
0.69665
0.6875
0.6899
0.67652
0.61309
0.58389
0.55131
0.54314
0.59427
0.56386
0.57612
0.58767
0.59894
0.60698
0.61626
0.60225
0.60728
0.60608
0.61162
0.59282
0.61829
0.61282
0.60269
0.60162
0.60188
0.55539
0.58718
0.60399
0.63095
0.65507
0.59872
0.66881
0.62535
0.6149
0.61862
0.61798
0.62585
0.63118
0.61575
0.64425
0.67384
0.55226
0.52081
0.57888
0.58086
0.60873
0.61062
0.62178
0.63304
0.64982
0.58925
0.52433
0.52526
0.52262
0.52066
0.54124
0.55352
0.5711
0.57664
0.56853
0.5557
0.55494
0.54656
0.53622
0.53085
0.53828
0.54383
0.53898
0.54502
0.54142
0.47842
0.51793
0.53494
0.53286
0.52585
0.49796
0.525
0.5331
0.54026
0.53826
0.54086
0.54234
0.55557
0.55956
0.56779
0.57946
0.50595
0.57773
0.58222
0.55844
0.58618
0.59998
0.59162
0.60626
0.59514
0.59369
0.5887
0.51852
0.60718
0.57446
0.58274
0.58147
0.5821
0.53771
0.5331
0.55316
0.54096
0.55687
0.52648
0.58258
0.59719
0.59181
0.6045
0.61122
0.60623
0.61874
0.61375
0.61926
0.63336
0.52849
0.63654
0.62705
0.62942
0.62895
0.63368
0.64356
0.6418
0.65262
0.66023
0.66146
0.52935
0.64019
0.65082
0.63194
0.63471
0.62324
0.61894
0.61774
0.6264
0.64261
0.6496
0.53673
0.65472
0.6601
0.66174
0.66019
0.6574
0.65919
0.657
0.66672
0.66898
0.66071
0.53608
0.54075
0.65514
0.64882
0.63213
0.64876
0.65378
0.64155
0.68286
0.6921
0.68704
0.67658
0.52965
0.67839
0.6796
0.681
0.69449
0.66386
0.64443
0.63161
0.62511
0.64576
0.64126
0.53281
0.646
0.64385
0.64998
0.66219
0.6789
0.67619
0.66601
0.64232
0.63338
0.64181
0.54358
0.6457
0.64784
0.64974
0.63182
0.66199
0.67518
0.66652
0.67064
0.67918
0.66983
0.55091
0.55277
0.56029
0.56746
0.56444
0.56854
0.54128
0.5872
0.58542
0.58698
0.58334
0.58566
0.59614
0.60509
0.60666
0.60921
0.61703
0.54025
0.61594
0.61536
0.59491
0.62574
0.62204
0.623
0.63348
0.62676
0.56026
0.5663
0.54806
0.58678
0.60962
0.61381
0.61701
0.63918
0.64578
0.62283
0.61526
0.60777
0.60214
0.55184
0.60276
0.60154
0.60004
0.60074
0.60281
0.59703
0.58963
0.60538
0.60314
0.57678
0.50236
0.5743
0.56848
0.56018
0.56526
0.55782
0.54493
0.55771
0.56581
0.57186
0.54776
0.48711
0.54231
0.55261
0.55408
0.57626
0.58763
0.58772
0.59874
0.59694
0.60306
0.59611
0.51468
0.61668
0.62379
0.62354
0.62805
0.64659
0.64246
0.63062
0.64091
0.58958
0.60401
0.57936
0.5343
0.58749
0.59454
0.60006
0.6003
0.59948
0.60302
0.59794
0.59849
0.59126
0.59708
0.59257
0.60748
0.6367
0.63212
0.63897
0.63208
0.60496
0.61702
0.62058
0.62482
0.62942
0.59973
0.62022
0.64596
0.62923
0.63942
0.648
0.64794
0.65234
0.65266
0.63777
0.66116
0.61158
0.6617
0.66046
0.65983
0.6573
0.67665
0.66378
0.6779
0.67616
0.66562
0.66731
0.61881
0.66368
0.66016
0.65923
0.65886
0.65615
0.65473
0.66211
0.66634
0.63779
0.66344
0.62982
0.68405
0.69055
0.66075
0.6789
0.68182
0.66703
0.67701
0.59723
0.60068
0.63802
0.6132
0.66918
0.66192
0.65984
0.6649
0.64856
0.6573
0.66952
0.65294
0.65644
0.64421
0.6223
0.64613
0.64426
0.64004
0.64328
0.66767
0.67749
0.67837
0.68196
0.66926
0.67174
0.60191
0.67098
0.66243
0.64549
0.64387
0.65926
0.63055
0.62057
0.62302
0.64187
0.64061
0.56976
0.63823
0.62518
0.64777
0.63403
0.63577
0.65261
0.63862
0.57262
0.62903
0.62046
0.55642
0.57337
0.6558
0.64211
0.63882
0.64062
0.60758
0.62843
0.62008
0.59192
0.5683
0.55099
0.5768
0.53585
0.54396
0.54977
0.53594
0.5432
0.52502
0.52786
0.53003
0.52332
0.50526
0.58188
0.51437
0.50985
0.56605
0.56011
0.56278
0.4985
0.53873
0.51616
0.51554
0.50331
0.58664
0.46851
0.49635
0.50746
0.51138
0.50123
0.51265
0.51943
0.5501
0.58052
0.5655
0.54709
0.56251
0.58877
0.57835
0.57385
0.58378
0.58002
0.58126
0.58908
0.60215
0.58377
0.5983
0.61355
0.59827
0.54035
0.54341
0.52936
0.54266
0.53792
0.5351
0.52557
0.57089
0.58193
0.55423
0.54122
0.57588
0.5135
0.5871
0.58947
0.56096
0.55487
0.55078
0.54947
0.55526
0.55495
0.58385
0.5908
0.5439
0.57924
0.58325
0.58504
0.6049
0.58922
0.59567
0.58215
0.55097
0.5533
0.58278
0.5447
0.58718
0.58564
0.59567
0.58851
0.60612
0.6012
0.6043
0.59318
0.60316
0.61006
0.54242
0.58857
0.60133
0.60302
0.60994
0.60085
0.56424
0.55238
0.52726
0.54134
0.55992
0.55212
0.59184
0.5982
0.58992
0.58286
0.59031
0.60476
0.60467
0.59913
0.60071
0.59714
0.7055
0.74574
0.79433
0.7963
0.79278
0.77914
0.77712
0.79618
0.74058
0.76897
0.77395
0.7714
0.7426
0.75288
0.79274
0.78704
0.7839
0.7823
0.77748
0.77449
0.77137
0.77112
0.77101
0.75213
0.77306
0.78437
0.78504
0.787
0.79011
0.78914
0.79885
0.8207
0.82187
0.84383
0.75247
0.84481
0.84129
0.84402
0.84831
0.85308
0.85386
0.85466
0.85786
0.87662
0.88813
0.74523
0.88363
0.89943
0.8939
0.88497
0.86822
0.86042
0.84415
0.83715
0.83618
0.83763
0.74478
0.85006
0.85533
0.85041
0.85199
0.86342
0.86162
0.87844
0.88421
0.85474
0.84
0.72653
0.85917
0.85804
0.8615
0.85819
0.8592
0.86162
0.85597
0.87112
0.86807
0.8541
0.72822
0.84707
0.84386
0.84642
0.84126
0.83058
0.77057
0.76594
0.78133
0.79282
0.81263
0.73746
0.81707
0.80008
0.74756
0.78139
0.74787
0.76245
0.79043
0.72014
0.68597
0.72016
0.68083
0.71267
0.75476
0.73659
0.7267
0.72612
0.67718
0.67171
0.68751
0.73037
0.7089
0.706
0.69876
0.71897
0.71458
0.72875
0.73221
0.7207
0.73096
0.74292
0.73621
0.75089
0.75534
0.75074
0.75727
0.78746
0.79445
0.7961
0.76551
0.7798
0.76536
0.7432
0.71466
0.67613
0.68513
0.69946
0.71042
0.74566
0.74382
0.74702
0.71088
0.69313
0.73795
0.6957
0.74302
0.70154
0.74261
0.7399
0.7407
0.76235
0.76261
0.77121
0.73779
0.73463
0.7536
0.73475
0.76854
0.7659
0.77238
0.76346
0.77638
0.75098
0.72763
0.73638
0.72557
0.73929
0.74111
0.7099
0.70471
0.6958
0.75379
0.75061
0.75988
0.76501
0.76324
0.67791
0.77253
0.78195
0.7772
0.78005
0.78539
0.77539
0.77868
0.77013
0.78129
0.78222
0.86622
0.88062
0.81282
0.79814
0.80828
0.80304
0.80872
0.81251
0.78657
0.80934
0.81398
0.83034
0.87906
0.82516
0.76444
0.71223
0.77844
0.82998
0.82276
0.841
0.84918
0.83928
0.83078
0.89794
0.82522
0.79657
0.78129
0.77691
0.74408
0.71454
0.73191
0.75242
0.75071
0.78035
0.88826
0.77857
0.76374
0.77138
0.76698
0.73794
0.74568
0.74802
0.75791
0.76173
0.76517
0.87622
0.77155
0.77102
0.77631
0.78327
0.76412
0.77622
0.79005
0.79361
0.79555
0.79572
0.87229
0.8005
0.80106
0.80852
0.80367
0.8133
0.81906
0.81894
0.81929
0.82743
0.83615
0.86467
0.84268
0.8347
0.82815
0.85392
0.87021
0.85325
0.8426
0.83662
0.84348
0.83174
0.85961
0.83941
0.84299
0.84856
0.83901
0.8386
0.84459
0.85175
0.86207
0.85811
0.85567
0.85964
0.96474
0.99401
1.006
0.84085
0.8289
0.79571
0.75352
0.79186
0.78824
0.79855
0.78581
0.80062
0.79366
0.79668
0.80542
0.8091
0.7967
0.79289
0.78274
0.79442
0.83223
0.76555
0.75726
0.7353
0.72994
0.72487
0.80508
0.73756
0.73304
0.71466
0.72791
0.78255
0.74834
0.75258
0.77035
0.77577
0.73629
0.81706
0.76504
0.8153
0.8343
0.81291
0.8219
0.80695
0.82809
0.79782
0.80122
0.73579
0.82669
0.74308
0.74138
0.72618
0.78154
0.78838
0.7838
0.79331
0.79068
0.74631
0.72351
0.84763
0.69118
0.68987
0.71958
0.76184
0.77058
0.78149
0.78367
0.78223
0.78054
0.76597
0.85258
0.76158
0.71782
0.69709
0.70286
0.73982
0.7324
0.70011
0.68654
0.6854
0.69513
0.86214
0.71023
0.72937
0.71179
0.73637
0.79139
0.77256
0.74474
0.74658
0.82606
0.811
0.58271
0.64962
0.66245
0.65814
0.66252
0.66966
0.66414
0.65514
0.64316
0.64357
0.64242
0.64695
0.5847
0.65014
0.65894
0.66519
0.66029
0.65179
0.65308
0.65734
0.65357
0.64556
0.64927
0.58314
0.65135
0.66229
0.66504
0.67561
0.67704
0.68163
0.67757
0.66043
0.65065
0.64559
0.58198
0.64174
0.63433
0.59434
0.60274
0.60226
0.6032
0.60782
0.61543
0.6147
0.61974
0.58126
0.6203
0.62704
0.63499
0.64315
0.64734
0.64868
0.64748
0.64707
0.62454
0.61919
0.58209
0.62072
0.59568
0.59624
0.6206
0.61999
0.61519
0.6104
0.61327
0.622
0.63486
0.58002
0.66018
0.57858
0.58792
0.59556
0.59948
0.60073
0.5975
0.60057
0.59789
0.60002
0.57625
0.59633
0.59006
0.58807
0.5863
0.58051
0.58182
0.57884
0.5878
0.57966
0.58842
0.57734
0.59112
0.59382
0.60043
0.60584
0.60933
0.61356
0.60086
0.59682
0.59927
0.60522
0.57806
0.61106
0.60298
0.60121
0.60099
0.60059
0.6017
0.60294
0.60402
0.60462
0.60487
0.58823
0.57949
0.60515
0.60177
0.60044
0.58995
0.57603
0.57901
0.59084
0.58996
0.5967
0.60043
0.58178
0.60793
0.61142
0.61875
0.61611
0.61461
0.61693
0.60849
0.60447
0.60582
0.60162
0.58118
0.60062
0.59706
0.59608
0.59394
0.59895
0.6019
0.59942
0.60002
0.60958
0.61517
0.58288
0.61774
0.62038
0.57986
0.58215
0.59343
0.60128
0.59921
0.5987
0.59362
0.60275
0.59867
0.5977
0.59654
0.6043
0.61252
0.59977
0.59618
0.60169
0.59788
0.59192
0.59486
0.5987
0.59534
0.59288
0.59152
0.58724
0.59198
0.59501
0.59705
0.59742
0.5886
0.60262
0.60098
0.60467
0.6001
0.6001
0.60303
0.60212
0.59638
0.59369
0.60298
0.58799
0.60898
0.61446
0.65032
0.6549
0.6631
0.66489
0.67374
0.672
0.7054
0.71057
0.58097
0.71794
0.69656
0.68701
0.68254
0.68397
0.68013
0.65973
0.6611
0.6602
0.66551
0.57833
0.66022
0.65346
0.64729
0.64307
0.64142
0.64048
0.63559
0.63494
0.63116
0.62398
0.5789
0.62261
0.63027
0.64153
0.64306
0.64349
0.65865
0.67191
0.67066
0.66922
0.66974
0.49314
0.49936
0.48229
0.48412
0.48727
0.49084
0.4978
0.49662
0.50358
0.5015
0.498
0.50001
0.50238
0.49632
0.49951
0.4901
0.49318
0.49139
0.48889
0.48886
0.48527
0.48139
0.48738
0.50591
0.48601
0.48616
0.48802
0.48618
0.47849
0.46653
0.47212
0.47466
0.48826
0.49151
0.50749
0.47664
0.459
0.46402
0.465
0.4736
0.4883
0.48961
0.48905
0.48618
0.4867
0.50765
0.48539
0.47937
0.48042
0.48054
0.48284
0.47482
0.47592
0.47767
0.47721
0.47512
0.50665
0.47703
0.47995
0.48335
0.4868
0.4894
0.49268
0.49196
0.49058
0.4821
0.4763
0.50463
0.47368
0.46792
0.46795
0.4756
0.48191
0.47258
0.47042
0.47068
0.47273
0.47696
0.50423
0.4781
0.47886
0.47914
0.48208
0.48371
0.48597
0.47871
0.47493
0.46738
0.46642
0.50479
0.47704
0.47902
0.48066
0.48263
0.48085
0.47854
0.49321
0.49292
0.49231
0.48833
0.5044
0.49587
0.4972
0.49933
0.49573
0.49284
0.48374
0.47962
0.46869
0.47006
0.47366
0.49214
0.50578
0.47736
0.47836
0.47911
0.45673
0.45351
0.45142
0.45385
0.45795
0.4599
0.45966
0.50443
0.46385
0.4676
0.4651
0.46212
0.46504
0.4693
0.46889
0.46644
0.46981
0.46815
0.50638
0.46796
0.46643
0.46459
0.4653
0.46733
0.46705
0.4638
0.46503
0.46237
0.47234
0.50522
0.47991
0.48691
0.48981
0.49113
0.48956
0.48789
0.49126
0.49269
0.49175
0.49568
0.49785
0.48171
0.48614
0.49222
0.49138
0.48962
0.48712
0.46882
0.45655
0.46301
0.47956
0.49487
0.48125
0.49008
0.48879
0.48441
0.48049
0.47557
0.47716
0.47414
0.47862
0.47829
0.49874
0.48584
0.48319
0.48769
0.49197
0.49589
0.50053
0.50553
0.50393
0.50332
0.50744
0.50089
0.59831
0.53836
0.5609
0.51904
0.56991
0.52074
0.52147
0.52265
0.52496
0.52814
0.48499
0.5305
0.53288
0.53524
0.53777
0.5379
0.57234
0.58914
0.55456
0.5757
0.93038
0.47856
0.74115
0.54902
0.57026
0.55681
0.54449
0.54833
0.47249
0.46943
0.48015
0.47386
0.4834
0.48323
0.48583
0.49178
0.48814
0.47114
0.46853
0.48014
0.46912
0.47668
0.47844
0.47534
0.47605
0.47886
0.48072
0.48003
0.48069
0.4666
0.48813
0.4617
0.46348
0.46376
0.46081
0.46427
0.4666
0.46652
0.45579
0.45472
0.46128
0.48594
0.45552
0.44775
0.45876
0.45494
0.4599
0.46704
0.47996
0.48578
0.48926
0.49083
0.48997
0.49188
0.49226
0.49466
0.49649
0.49738
0.49298
0.48948
0.49132
0.46628
0.47158
0.49381
0.46972
0.47225
0.47032
0.47426
0.47665
0.47637
0.47798
0.47906
0.47346
0.47093
0.5022
0.4723
0.47357
0.47578
0.46705
0.46559
0.46962
0.47801
0.48169
0.48282
0.48014
0.51955
0.53246
0.65028
0.65754
0.61859
0.58815
0.5964
0.60062
0.60791
0.57387
0.59044
0.61705
0.57718
0.63816
0.64413
0.66142
0.64836
0.55716
0.61707
0.63675
0.60792
0.56106
0.60085
0.6237
0.61899
0.64365
0.63976
0.68234
0.69889
0.65866
0.65912
0.61427
0.63646
0.67637
0.62038
0.67426
0.56698
0.53008
0.5877
0.53878
0.53599
0.59014
0.60788
0.62579
0.62163
0.61536
0.60718
0.60821
0.61454
0.58918
0.56484
0.60161
0.61242
0.61493
0.63202
0.64394
0.62708
0.62338
0.64062
0.61585
0.61118
0.6326
0.61417
0.54826
0.51966
0.5586
0.57733
0.55935
0.59065
0.60394
0.61152
0.61474
0.6131
0.61282
0.57185
0.58081
0.49554
0.58264
0.49554
0.61564
0.62587
0.62729
0.6271
0.62791
0.61857
0.61269
0.6297
0.6259
0.6367
0.53731
0.64492
0.64581
0.6316
0.58398
0.51165
0.62347
0.66631
0.67594
0.67798
0.67696
0.5857
0.67502
0.68678
0.68858
0.70714
0.70708
0.71236
0.71553
0.71645
0.72302
0.7251
0.52827
0.61367
0.73118
0.73838
0.73303
0.75325
0.7933
0.79563
0.78557
0.77489
0.7671
0.77063
0.62106
0.76681
0.74518
0.70918
0.74421
0.7445
0.76455
0.76278
0.74884
0.74236
0.78809
0.6144
0.83804
0.85079
0.86422
0.86875
0.82878
0.80192
0.79109
0.76743
0.76652
0.776
0.61613
0.7842
0.77291
0.7796
0.5995
0.60803
0.61642
0.61521
0.60328
0.58674
0.54303
0.60683
0.5862
0.55837
0.47366
0.46641
0.5093
0.49926
0.48973
0.50381
0.51214
0.58281
0.51419
0.51861
0.52996
0.50782
0.47829
0.53137
0.56782
0.58487
0.60121
0.61578
0.60134
0.60265
0.60881
0.56778
0.60969
0.5893
0.58771
0.60439
0.59111
0.55361
0.55657
0.59926
0.56482
0.50371
0.47138
0.53146
0.56077
0.57821
0.59531
0.59742
0.5578
0.52781
0.60142
0.56311
0.58006
0.59414
0.59857
0.60203
0.51387
0.53602
0.57049
0.59552
0.60145
0.60788
0.60436
0.61021
0.62222
0.61245
0.59176
0.53582
0.58899
0.60229
0.60446
0.59724
0.58626
0.60743
0.59452
0.58582
0.5781
0.52254
0.52311
0.59274
0.622
0.62286
0.6419
0.57134
0.55638
0.52982
0.52421
0.51102
0.49472
0.5113
0.51685
0.50816
0.52344
0.53088
0.52712
0.57025
0.52985
0.51519
0.50822
0.5074
0.52537
0.54871
0.44965
0.5363
0.5641
0.56558
0.59398
0.5673
0.57047
0.57274
0.54389
0.53014
0.48723
0.50526
0.49472
0.43195
0.55651
0.59392
0.56998
0.57154
0.52338
0.49642
0.53841
0.56194
0.55992
0.54564
0.56919
0.59721
0.58602
0.59627
0.59966
0.55869
0.4686
0.50713
0.55364
0.57564
0.56857
0.57032
0.55928
0.60798
0.4791
0.52581
0.57662
0.59354
0.58772
0.61148
0.614
0.61565
0.65476
0.65683
0.60086
0.65943
0.66546
0.65854
0.66186
0.65538
0.67126
0.67836
0.70065
0.71234
0.70483
0.61796
0.70525
0.70294
0.69862
0.71096
0.69902
0.72503
0.71339
0.71424
0.70902
0.70618
0.6112
0.71937
0.7297
0.73875
0.72698
0.71993
0.7209
0.71994
0.72718
0.72517
0.72974
0.59783
0.7251
0.71003
0.72481
0.71599
0.71194
0.71432
0.72104
0.7039
0.68935
0.72601
0.58562
0.5613
0.72373
0.7331
0.7431
0.73534
0.728
0.75701
0.73907
0.74041
0.73211
0.7295
0.55278
0.72633
0.73182
0.73086
0.75388
0.7087
0.67994
0.76836
0.80744
0.80658
0.77817
0.51733
0.79269
0.80676
0.82988
0.81538
0.82045
0.82333
0.81769
0.81372
0.81385
0.82163
0.60148
0.81503
0.80482
0.60137
0.59019
0.57808
0.53327
0.56011
0.58263
0.53562
0.50374
0.5927
0.59321
0.59212
0.54578
0.51905
0.52881
0.57853
0.57658
0.55384
0.54108
0.52477
0.56638
0.55397
0.56448
0.53562
0.47191
0.55007
0.54602
0.55393
0.54471
0.53886
0.52153
0.52392
0.55041
0.56345
0.54426
0.53663
0.53015
0.5491
0.51743
0.53417
0.53718
0.57398
0.54204
0.51655
0.51266
0.52494
0.52486
0.54172
0.56067
0.59534
0.59624
0.52562
0.65139
0.66624
0.6655
0.65997
0.6833
0.68854
0.70822
0.69485
0.69579
0.71872
0.55023
0.7417
0.7365
0.70594
0.7177
0.72131
0.70461
0.73763
0.61486
0.67126
0.61234
0.54574
0.63498
0.5897
0.57606
0.60822
0.5534
0.52113
0.51006
0.52849
0.53363
0.50578
0.60535
0.62628
0.55932
0.55776
0.57714
0.58276
0.60304
0.59521
0.59232
0.58766
0.60274
0.60307
0.64747
0.60901
0.6079
0.60973
0.61623
0.61655
0.60286
0.61291
0.60288
0.61088
0.61576
0.66018
0.61906
0.62322
0.63615
0.63592
0.6341
0.63353
0.63362
0.63718
0.6161
0.59525
0.66229
0.60178
0.59665
0.60093
0.59898
0.59587
0.59978
0.60654
0.59008
0.58477
0.58128
0.66998
0.5732
0.57067
0.58709
0.60055
0.61722
0.62133
0.6324
0.61416
0.58332
0.57715
0.64371
0.57022
0.60469
0.61208
0.61204
0.60641
0.61014
0.61651
0.62597
0.62509
0.61504
0.62566
0.63244
0.63737
0.62908
0.63064
0.62842
0.59952
0.63498
0.6451
0.64024
0.63177
0.64827
0.62594
0.62578
0.61515
0.61325
0.61938
0.6265
0.62449
0.62418
0.6258
0.63788
0.64356
0.63358
0.62338
0.61768
0.61561
0.61654
0.61936
0.61497
0.61628
0.62163
0.61957
0.63655
0.6155
0.61281
0.61674
0.61413
0.63029
0.63543
0.6447
0.64715
0.65562
0.65157
0.61332
0.63865
0.64791
0.64491
0.64323
0.64298
0.64159
0.64288
0.6437
0.64343
0.65131
0.65336
0.63433
0.66834
0.67595
0.68043
0.68011
0.67356
0.66749
0.66485
0.66386
0.66146
0.65962
0.62834
0.66126
0.66871
0.66926
0.66946
0.68073
0.67565
0.68468
0.69066
0.68702
0.6797
0.63302
0.6699
0.66982
0.67184
0.63326
0.63836
0.63601
0.62532
0.64085
0.63999
0.61239
0.64528
0.64511
0.64726
0.63038
0.6249
0.6284
0.61272
0.61788
0.59662
0.59373
0.62393
0.6007
0.60944
0.60492
0.5999
0.60185
0.60399
0.59732
0.60193
0.60957
0.60352
0.6157
0.61881
0.60942
0.58907
0.61459
0.62662
0.62026
0.62479
0.62588
0.62435
0.62482
0.61115
0.62118
0.62167
0.62148
0.62045
0.61179
0.59172
0.6101
0.62086
0.6069
0.60366
0.62023
0.61313
0.60867
0.60132
0.61154
0.61334
0.61788
0.61424
0.61884
0.62423
0.61953
0.62698
0.61484
0.61325
0.6131
0.60958
0.62034
0.62098
0.62137
0.6195
0.60578
0.5957
0.63839
0.60566
0.61187
0.61474
0.60008
0.58182
0.58351
0.58822
0.59805
0.58444
0.57168
0.77678
0.70871
0.70254
0.70418
0.69907
0.67042
0.69558
0.70858
0.71053
0.7144
0.7142
0.69424
0.71307
0.69022
0.7068
0.7219
0.71931
0.71766
0.68754
0.67386
0.66621
0.66464
0.66663
0.73999
0.67304
0.67232
0.67986
0.71464
0.72519
0.74759
0.77416
0.78255
0.77115
0.70942
0.74704
0.74452
0.74775
0.73546
0.71399
0.73634
0.76578
0.76035
0.75958
0.73446
0.76457
0.77578
0.79854
0.80409
0.8341
0.85471
0.84367
0.81398
0.81355
0.81011
0.82006
0.81427
0.83278
0.79519
0.75201
0.79174
0.78994
0.80525
0.83602
0.81725
0.85184
0.86263
0.86914
0.8426
0.84451
0.80906
0.80758
0.80962
0.8078
0.8174
0.82332
0.84101
0.85886
0.90465
0.85058
0.94698
0.89852
0.88899
0.8932
0.90189
0.92363
0.91886
0.93086
0.944
0.96473
0.83202
0.96017
0.92353
0.89162
0.91366
0.89147
0.90982
0.8799
0.78216
0.77947
0.78283
0.78059
0.77136
0.7651
0.73071
0.71251
0.71394
0.7113
0.69783
0.6938
0.68945
0.67791
0.7831
0.67753
0.67871
0.67776
0.66959
0.70193
0.73534
0.75778
0.74518
0.7339
0.71351
0.77384
0.71194
0.70454
0.69435
0.69966
0.7034
0.69977
0.72589
0.73773
0.73427
0.74996
0.75182
0.77066
0.7825
0.75595
0.71961
0.77861
0.79383
0.7879
0.78459
0.79983
0.7401
0.73921
0.7639
0.75877
0.78191
0.79453
0.76215
0.746
0.75446
0.77017
0.75054
0.81827
0.73623
0.79439
0.74175
0.73098
0.71782
0.75962
0.76344
0.77096
0.79352
0.80983
0.81093
0.71761
0.81479
0.83649
0.79653
0.72662
0.7078
0.70005
0.69777
0.7104
0.71718
0.72067
0.73825
0.7343
0.75392
0.76588
0.76046
0.76924
0.75094
0.72564
0.71869
0.74756
0.70986
0.60641
0.60615
0.60211
0.60602
0.5891
0.57926
0.58259
0.59987
0.55847
0.55786
0.55433
0.57085
0.58819
0.58986
0.59547
0.59881
0.62093
0.63927
0.65456
0.65597
0.6621
0.66366
0.66792
0.5985
0.57611
0.59485
0.65844
0.66923
0.63118
0.59984
0.61076
0.59995
0.57945
0.59028
0.5872
0.5807
0.59307
0.56353
0.60128
0.63077
0.64322
0.6519
0.65986
0.63656
0.65098
0.65427
0.64744
0.62552
0.57203
0.56034
0.5622
0.58778
0.57456
0.56796
0.57527
0.62406
0.63686
0.59484
0.62586
0.64288
0.63954
0.63503
0.63073
0.64699
0.63688
0.61883
0.58389
0.59418
0.67301
0.6673
0.67986
0.64813
0.57131
0.57972
0.61442
0.66004
0.67101
0.68243
0.68357
0.68324
0.64895
0.63634
0.62294
0.65465
0.67512
0.65693
0.65542
0.63074
0.63941
0.64695
0.66856
0.648
0.66931
0.6747
0.68091
0.67047
0.68684
0.69486
0.67376
0.7013
0.71547
0.70956
0.65489
0.70426
0.71938
0.72262
0.72453
0.73251
0.73617
0.73266
0.74992
0.75347
0.73515
0.65786
0.73048
0.74167
0.74225
0.74532
0.76309
0.77789
0.7853
0.7873
0.78258
0.7879
0.62669
0.79442
0.72142
0.65479
0.71986
0.74595
0.6913
0.76154
0.75028
0.74279
0.73948
0.56185
0.73151
0.72937
0.57699
0.59178
0.59963
0.58058
0.56844
0.58722
0.63004
0.63633
0.60871
0.62428
0.61921
0.6338
0.63188
0.62856
0.62145
0.56682
0.57875
0.56122
0.55827
0.57663
0.61378
0.62986
0.61821
0.59096
0.55958
0.54931
0.55328
0.56735
0.56397
0.56093
0.55428
0.55278
0.56058
0.57051
0.56817
0.55401
0.53066
0.51826
0.52662
0.55115
0.55609
0.56182
0.5618
0.54953
0.5563
0.5565
0.54498
0.55013
0.59464
0.54674
0.54123
0.53761
0.53358
0.53467
0.54058
0.53811
0.58906
0.60624
0.61303
0.62041
0.58663
0.53511
0.54258
0.55151
0.55868
0.56542
0.62205
0.62701
0.63411
0.61705
0.63194
0.60479
0.57815
0.56481
0.57871
0.57598
