1.5654
1.3731
1.3123
1.3705
1.481
1.5626
0.66612
1.4952
1.5545
0.30763
1.6005
1.7928
1.2863
1.917
1.9836
0.83373
1.7913
1.5332
1.4737
1.8221
1.0417
0.96078
1.3207
0.21533
1.4073
1.4534
1.0759
1.6119
1.5931
0.6667
0.85177
1.7489
1.333
0.85089
0.45446
0.52985
1.5654
0.61127
1.2885
1.5719
1.193
1.4091
1.4953
1.52
1.6393
0.94063
1.1693
1.384
1.7612
1.7264
1.674
1.6797
0.3317
1.689
1.2454
1.8092
0.72838
1.281
1.2289
1.6017
1.1712
1.041
1.5201
1.4587
1.5243
1.2264
1.3633
1.3379
1.8006
1.8508
1.9084
1.8558
1.0112
1.143
1.3693
1.267
1.5522
1.0173
1.4551
1.3341
1.8542
1.0612
1.9393
1.912
1.8375
1.1202
1.6501
1.617
1.6861
0.062344
1.7377
1.2946
0.89601
0.67857
0.89723
1.9237
1.8415
1.8152
1.9358
1.5443
1.3637
1.8719
1.2548
1.2032
1.2524
1.1799
0.39296
1.1941
1.1377
1.9348
1.7669
0.069387
1.1491
1.4912
0.43019
0.83063
0.91959
1.5024
0.86746
0.81676
1.4623
1.2914
0.27383
1.1767
1.2922
1.2514
0.31402
1.1218
0.59861
2.3588
0.89717
1.1098
1.0084
0.21966
1.3808
1.0921
1.3219
0.24899
0.96066
0.25971
0.62012
0.8187
1.4054
1.3427
0.1288
0.68792
1.006
1.6059
1.8475
0.83472
0.96707
0.85616
0.99024
1.0114
0.94795
1.0862
0.91637
1.8948
0.94776
0.98494
1.0743
1.0214
0.87428
1.0429
0.68614
1.4262
1.2096
1.0027
1.8935
1.3476
1.2084
1.3003
0.69041
0.24717
0.83172
0.77419
0.34376
1.1056
1.1169
1.7188
0.25654
1.4264
1.6827
1.4635
0.43684
1.5263
1.5338
1.5376
1.5579
1.5499
1.2052
1.5376
1.3739
1.3489
1.2573
1.2972
1.355
0.85956
1.4228
1.168
1.756
0.053747
0.78374
1.6513
0.75455
0.9711
0.18214
0.27292
1.8174
0.96427
0.84788
0.8587
0.10441
0.35491
1.0949
0.90315
0.99899
1.0347
1.0287
0.71229
1.1443
0.95539
0.10156
1.0469
0.23078
0.3472
0.21237
1.0406
0.13737
0.23907
0.97248
0.83008
1.2245
2.1756
2.0497
0.45425
1.9933
1.0747
2.3562
1.2021
0.88589
0.79916
0.58199
0.11459
1.2021
2.3123
0.2934
1.2814
1.2052
2.1157
0.93037
0.40706
0.22866
1.301
0.92672
1.2757
0.034777
0.38332
0.07275
0.046009
0.07547
1.8871
0.061826
0.075275
0.027185
0.25286
0.15284
0.11224
1.4554
0.046905
0.030876
0.055455
0.021553
0.043602
0.12371
0.055426
0.12743
0.9765
0.2146
1.1705
0.059021
0.029042
0.73841
0.11135
0.10338
0.066931
0.033442
0.27566
0.086601
0.1068
0.22582
0.27183
1.3748
0.35103
0.37096
0.23587
0.43332
0.17006
1.3955
0.24071
0.0083584
0.33762
0.27225
0.93352
1.5242
0.58229
0.94026
0.080179
0.10296
1.4524
0.037033
0.49351
0.14239
0.13937
0.172
0.14257
0.17381
0.20435
0.11321
0.14419
0.080784
0.10543
0.31406
0.079853
0.11054
1.6152
0.17102
1.1239
0.065979
1.0203
0.2342
0.34555
0.61017
0.35176
0.98689
0.046016
0.2335
0.079072
0.1497
1.2709
2.0482
0.05453
1.4759
0.082852
1.6024
0.076686
0.71274
2.0562
2.4205
0.43217
0.5284
2.5642
0.60915
0.052286
0.074386
1.4381
2.0573
1.3008
0.4437
1.0264
2.3747
2.1093
2.0094
1.9549
0.69495
1.0533
0.45943
0.96034
1.0126
0.97425
0.29304
1.1616
1.0751
0.38539
0.99675
1.9651
1.5965
1.0107
1.4405
1.7211
1.7125
1.758
1.4963
1.1113
1.0406
1.2549
1.2963
1.6313
1.6002
0.56113
2.1132
1.3368
1.9841
1.3682
0.89019
1.0777
0.83886
1.5527
1.4737
1.2625
1.552
1.5586
1.5437
1.7208
1.8876
1.7216
1.4939
1.3907
1.392
0.71172
0.9032
0.99151
1.0384
0.71896
1.5695
1.4917
1.5801
1.6309
1.6096
1.392
1.6681
2.0207
0.85305
1.4315
1.0218
1.0445
1.2082
1.388
1.2404
1.6082
1.3345
1.6993
0.89805
0.61637
1.3931
1.5481
1.7077
1.8053
1.6267
0.87533
1.4948
1.0436
1.324
1.0473
1.3215
0.95119
0.98864
1.6126
1.392
1.7304
1.2063
1.2514
0.84516
0.85158
1.0738
1.4248
0.95933
1.1285
1.3327
1.77
1.691
1.407
1.7973
1.4565
1.0204
1.123
1.1344
1.1378
1.8439
1.1544
1.1072
1.2588
1.374
1.2692
1.9268
1.0294
0.75887
1.1284
0.67692
0.53898
0.29245
0.57784
1.1608
0.98079
1.5569
0.92698
1.7665
0.37416
1.3973
1.2427
0.97384
2.0306
1.8867
1.2374
0.39501
0.97634
1.8534
1.2151
1.6178
1.4896
1.7501
1.1964
1.4294
1.3185
1.5618
1.1346
1.502
1.4359
1.5084
1.5106
1.8171
1.0997
1.4976
1.4652
1.3426
1.2815
1.4473
1.4892
1.2411
1.0361
0.63123
1.1057
1.4002
0.32232
1.4584
0.31983
1.7074
1.7612
1.122
1.6276
1.4954
1.4421
1.4284
1.36
1.5508
0.67539
1.4846
1.6509
1.6392
1.4516
1.3483
1.2888
2.0567
1.4571
1.3888
1.5394
1.4308
0.92762
1.3033
1.6239
2.0344
1.4223
1.0604
1.2064
1.7138
1.5414
1.5513
0.95311
0.54139
0.96806
1.0848
2.2259
1.0593
0.9218
2.129
1.8941
2.0006
1.6679
1.8747
1.585
2.0213
1.9895
2.4136
2.2569
1.3399
2.4105
1.2148
2.176
1.35
1.4739
1.6345
1.3335
1.3775
1.4599
1.4445
1.1553
1.0321
1.3784
1.8643
1.2915
2.3061
0.65351
2.4267
1.4237
2.4602
1.2109
1.2225
1.5225
1.6156
1.5536
1.6336
1.1132
0.45446
1.2461
0.11873
1.5974
2.1998
2.0763
0.98106
1.106
0.91754
1.209
1.3268
0.95925
1.714
1.6098
2.2512
1.2487
2.1233
2.2603
1.4159
1.0598
1.3931
1.1432
1.4093
1.8116
0.98959
2.0734
2.072
1.0933
1.1095
1.1424
1.3914
2.2274
1.2415
1.4277
1.1131
1.2918
1.2433
1.3868
1.157
1.8697
2.0905
2.0731
1.0833
1.8146
1.3879
0.58244
0.75095
1.2413
1.6837
1.4246
2.2929
1.5518
2.1907
1.309
1.386
1.4541
1.2706
1.1408
0.28906
1.3881
2.3285
1.322
2.4304
1.4243
1.5762
1.8551
1.0293
1.3361
2.3701
2.1786
1.0952
1.9245
1.3489
0.2264
1.1517
0.94093
1.2301
1.5073
1.3604
1.2209
1.0081
0.72802
0.56864
1.3158
1.2283
1.3152
1.2895
1.3314
1.527
0.75255
1.1042
1.1663
1.5495
1.665
1.4795
1.4161
1.017
0.99502
0.50737
0.69549
1.0694
1.5929
1.5586
1.6651
1.6714
1.2043
0.69207
0.69886
0.4875
1.1734
2.3223
2.0611
2.1996
2.0844
1.293
1.7765
1.2614
1.7977
1.3138
1.279
1.1054
0.91872
0.8453
2.1777
2.2399
1.0364
0.97199
0.57416
1.1624
2.0414
1.9128
1.3469
2.1845
2.275
2.2998
2.1029
1.9569
1.3142
0.63499
1.2124
1.0711
0.91915
2.1495
1.2366
2.0218
0.95696
1.6437
1.7454
1.8826
0.93463
1.677
1.1631
1.1561
1.5165
1.3768
1.0928
1.0085
0.81909
0.85659
0.78087
1.1555
1.0545
0.97786
1.8347
0.94565
1.6829
0.72788
0.99531
1.915
1.0607
1.7243
0.9153
1.6752
0.90487
1.816
1.6714
0.89372
0.95904
0.76996
1.079
1.7475
1.8609
1.8856
1.8421
1.9638
1.8554
1.7171
1.1408
1.56
0.94025
1.5485
1.455
1.5257
1.0746
1.7388
1.6336
1.5345
1.7083
1.5904
1.6293
0.70745
1.1272
1.259
1.4395
0.96305
1.03
0.7801
0.63283
1.7345
1.5659
1.6925
1.5202
1.4939
1.3774
1.4261
1.4201
1.277
1.1276
0.7296
0.80637
0.72432
0.91406
0.7277
0.82719
1.4053
0.81833
1.929
0.89204
1.7931
1.5186
1.5358
1.489
0.58838
1.5531
1.3294
1.3129
1.2538
1.4929
0.81005
1.1888
0.74466
0.59367
0.67137
1.5237
1.3397
0.54152
1.6167
1.3686
1.431
0.78474
1.4137
1.3274
0.63041
0.64401
0.55049
1.5262
0.14616
0.8049
0.89123
1.495
1.8787
0.76945
1.6481
1.4997
0.53749
1.5644
0.67678
0.85559
0.7959
1.5749
0.77044
1.7191
1.8628
0.76486
0.9076
1.5618
0.79534
0.65875
0.71088
0.75599
1.7226
0.84207
1.0248
1.8532
1.3131
1.3157
0.88446
1.7949
1.5955
1.0321
1.2704
1.1083
0.80543
0.86442
1.1012
1.5652
1.9453
1.0196
2.015
1.6009
0.89019
2.489
2.3378
1.6374
1.9725
0.3876
1.4992
1.8118
1.4068
1.6024
1.9357
2.0916
1.5403
1.7649
0.90098
1.2548
0.72166
1.4436
1.6836
1.4184
1.7178
1.6825
1.5884
1.5633
1.3985
1.8281
0.69549
1.5828
1.5149
1.4547
1.4563
0.53529
0.86558
0.65863
0.74285
0.71735
1.6029
1.5387
1.5027
1.5066
1.437
0.5795
0.51753
1.436
1.5265
0.34212
1.1129
1.1052
1.5956
0.61385
1.9757
0.81943
0.73987
1.5026
1.9455
0.8309
1.3402
1.5412
1.0491
1.3392
1.8032
0.88963
0.81811
0.79909
0.89415
0.85695
1.2878
1.3058
0.96068
0.70857
1.5236
1.2382
1.3456
0.91948
1.1594
1.196
1.2551
1.0049
0.9993
0.4991
1.5763
1.3696
1.3684
0.39113
0.56475
0.46321
1.1503
1.583
1.2921
1.3296
1.2122
1.0958
1.5115
1.1824
1.2801
1.182
1.2361
1.0948
0.99586
1.5529
1.5495
1.1211
1.1961
1.3894
0.9799
1.5402
1.0372
1.1823
0.68591
1.1195
0.84898
1.3772
1.2681
1.3063
1.6467
0.72389
1.5819
0.93262
1.0264
1.8771
0.97589
1.7056
1.3809
1.5613
1.1816
1.4199
1.5049
1.5189
1.2602
1.8449
1.4828
1.6305
1.2822
1.2606
1.7251
1.4399
1.237
1.5401
1.4663
1.3905
1.4677
1.4147
1.0905
1.3769
1.5987
1.1058
1.3289
1.2836
1.3132
1.187
1.256
1.3585
1.3907
1.7551
1.0475
1.9081
1.2549
1.5922
1.3395
1.025
1.0545
1.2188
1.1445
1.5119
1.4558
1.6959
1.605
1.236
0.93869
1.1898
1.3861
1.3747
1.4539
1.4068
1.4179
1.2067
1.2323
1.4678
1.1173
1.2089
0.64421
1.1611
1.3006
1.1549
1.5108
0.78346
1.4789
1.0958
1.3538
1.2408
1.2758
1.6112
0.46343
1.3029
0.80405
1.1512
1.2989
1.322
1.2021
1.1563
0.61325
1.0586
1.366
0.71301
1.9151
0.98188
1.3535
1.4776
1.3713
0.76902
0.82226
0.62307
1.3516
1.2594
1.3031
1.3598
1.5669
1.2749
1.0552
1.3024
0.91716
1.0796
1.031
0.43373
1.6645
0.70401
0.66501
0.5114
1.6048
1.0954
0.96919
0.82601
1.0468
1.2248
1.2184
1.2157
1.2712
1.2499
0.89197
1.0544
1.364
1.4015
1.0785
1.2857
0.72496
0.20083
0.95584
1.201
1.3495
0.425
0.66841
0.78297
0.72749
0.97508
1.117
0.627
0.6879
0.81249
0.74848
0.83308
1.1513
0.59032
1.3841
0.43101
1.3848
0.72179
0.48732
0.52586
1.4569
1.4315
1.4494
1.2069
1.6277
0.54199
0.40151
1.2017
1.1489
1.4095
1.4536
1.4675
1.4426
1.3092
1.641
1.7707
1.1894
1.268
0.53136
1.009
0.98146
0.73468
1.3195
1.5799
1.5972
1.291
1.2953
1.2105
1.5702
0.97849
1.5892
0.83546
1.8979
1.3635
1.668
1.5953
1.7033
1.4057
1.6353
1.4049
1.6934
1.1254
1.5562
1.9462
1.7923
1.2678
1.6633
1.617
1.7764
1.1575
1.5472
1.6742
1.3966
1.3022
1.2441
1.3429
1.842
1.2409
1.6049
1.7257
1.0331
0.86324
1.4454
1.5231
1.5803
1.3181
1.7517
1.1858
1.5977
1.5971
1.902
1.8738
1.4295
1.4027
1.2594
1.4673
1.6742
2.0077
1.6837
1.1196
1.4131
1.5054
1.5649
1.9252
1.2703
1.0448
1.7251
1.2552
1.6525
1.4028
1.0065
1.3032
1.1101
1.3194
1.1876
1.0449
1.0583
1.2603
1.2119
1.2111
0.96411
1.101
1.0537
1.3845
1.2682
1.6726
1.0357
1.2292
1.1835
1.4734
1.2761
0.97419
1.1988
0.92823
1.3676
0.94848
1.4613
1.1473
1.2422
1.3512
1.3815
1.1292
1.2604
1.5069
1.0801
1.364
1.0678
1.1406
1.2807
1.0723
1.3076
1.2237
1.113
1.2822
1.2749
1.2415
1.5191
1.2199
0.65269
1.3216
1.6951
1.3096
1.3714
1.3565
1.5094
1.5206
1.3598
1.5012
1.4909
1.2233
1.1898
1.5216
1.4497
0.91022
0.89779
1.051
0.92979
1.9259
0.94204
1.1048
1.1132
0.92466
1.2572
0.89514
1.707
1.3564
0.84258
1.2363
1.321
0.79266
0.99246
1.0332
0.99593
1.3939
1.2433
0.59165
1.1931
1.7066
1.5476
1.8608
1.8309
1.2476
1.5574
0.73352
1.1036
1.2095
0.89777
1.4651
1.4676
1.5553
1.9957
1.4978
1.5094
0.71505
0.8722
2.1505
2.2559
1.5094
2.2057
0.61776
1.6175
1.5991
1.8381
1.8218
1.7239
1.3048
1.6198
1.5057
1.6475
1.6601
1.621
1.6627
1.1425
1.6383
1.4628
1.6864
1.3436
1.4938
1.5852
1.3909
1.5187
1.3838
1.2388
1.5954
1.3263
1.6095
2.0923
1.0368
2.3766
1.6012
2.5405
2.3349
2.304
1.5965
1.1734
1.6313
1.6953
1.7629
1.5969
1.6225
1.5619
1.0248
1.5701
1.6003
1.5247
1.5781
1.7291
1.4546
1.6805
1.7035
1.5117
1.2937
1.6968
1.6423
1.6619
1.41
2.278
1.717
1.4949
1.0644
1.5645
1.8416
1.5953
1.585
1.3741
0.65606
1.2939
1.1828
1.2725
1.0626
1.629
1.6775
1.0177
2.0905
1.0754
0.9115
1.0671
1.6
1.0495
1.7921
1.8208
1.2205
1.6137
1.5902
1.0774
1.9537
1.1878
1.492
1.3678
0.80463
0.83647
1.5562
1.4299
1.3495
1.0006
1.0338
0.90556
1.4956
1.3427
1.3918
0.6225
1.5805
1.4743
1.6212
0.67081
0.9152
0.88484
1.0641
0.95059
1.4848
1.727
1.5435
1.4273
1.1814
1.6284
1.7397
1.5406
1.6555
1.6968
1.1177
1.4352
1.9752
1.1015
1.7477
1.9321
1.8156
1.954
1.5947
1.1349
0.89491
2.103
0.91235
2.2173
2.077
1.3719
2.3397
1.5405
1.5256
1.7736
1.6524
1.3927
2.2715
1.5185
1.6956
1.6339
1.5944
1.3385
1.3733
1.3504
1.3217
2.0031
1.3393
1.2056
1.4634
1.2538
1.1458
1.9076
1.1675
1.177
1.387
1.3807
1.4029
1.469
1.4868
1.5334
1.4817
1.4535
1.5109
1.3604
1.3404
1.4234
1.4265
1.2556
1.3369
1.3456
1.5828
1.4664
1.4317
1.4391
1.5396
1.6396
1.5872
1.5112
1.4805
1.5472
1.4147
1.3212
0.6075
1.946
1.813
1.6252
0.82246
1.5028
0.84703
1.5901
2.0155
1.9217
0.8796
1.2006
1.6817
1.2236
1.9027
1.6262
1.5907
1.3937
1.6563
0.4917
1.6254
1.7966
1.4905
1.4075
1.8885
1.4214
1.1192
1.7834
1.9662
1.531
0.75048
1.2425
1.4867
1.1759
1.1471
1.3397
1.8481
1.8502
2.0128
1.507
1.6648
1.8639
1.6644
2.0548
1.0782
2.0334
1.1762
1.6129
1.0314
1.5249
1.6079
1.6701
1.3061
1.7537
0.85467
1.1963
1.2706
1.1863
1.7309
1.3317
1.7207
1.6249
1.4011
1.4917
1.2164
1.5986
1.7469
1.8519
1.8412
1.9233
1.9662
1.8036
1.51
1.4915
1.1532
1.3931
1.4447
0.89381
0.55194
0.96453
1.0743
0.11182
1.1747
0.82364
1.3511
0.36559
0.94778
2.2637
1.1423
2.1456
2.2461
1.2101
1.2891
0.83484
1.6075
1.7547
1.64
1.2119
1.2065
1.4607
0.9663
0.72364
1.5729
1.3997
1.7622
1.7737
1.9145
1.485
1.8827
1.9245
1.6895
1.7343
1.8624
1.5825
1.8747
1.5003
1.3558
1.5668
0.68251
2.367
1.2248
1.6357
1.6869
1.6505
2.1976
2.2705
1.3593
1.2254
1.7403
0.67335
1.7942
1.4975
1.3653
1.4267
1.2811
1.2398
1.287
1.8014
1.8817
1.0964
1.3314
0.92396
0.98452
1.1348
2.1312
1.2711
1.3358
1.904
1.9656
1.9228
1.8747
0.64909
1.6681
1.4105
1.4855
1.366
1.3852
1.3337
1.4445
2.0894
1.4743
1.6472
0.32554
1.8244
0.88248
1.347
0.94777
1.3552
1.6214
1.6257
1.9076
1.4997
1.9837
0.43936
1.377
0.83417
1.4735
1.6925
0.37362
1.8802
1.809
1.6889
1.5729
1.5338
1.9649
1.1556
1.973
1.4037
1.4458
1.2002
1.2712
1.4192
1.4312
1.2841
2.171
0.96493
1.5738
1.629
1.6547
1.3059
1.7781
1.3539
1.6833
1.7215
1.6047
1.6698
1.9314
1.3627
1.9028
1.617
1.802
1.8882
1.7747
1.2739
0.9769
1.3558
1.656
0.17187
1.448
0.5004
1.0655
1.6231
0.62708
1.1892
1.2642
1.1429
1.4018
1.205
0.76237
1.0028
1.4847
1.789
1.8596
0.25745
0.11526
0.26386
0.88763
1.8032
0.64409
0.3783
0.70168
1.199
0.79483
1.0745
1.1423
1.7792
1.019
0.043181
0.21464
0.93064
1.0887
1.3861
0.78986
0.24523
0.039161
0.11606
1.0144
1.4651
0.77512
1.1795
0.43488
1.1047
0.50103
1.4939
1.3272
0.64925
1.0792
0.97115
0.40563
1.1026
0.88224
1.2071
0.97451
0.9108
1.7731
0.53012
0.62333
1.383
1.2998
1.523
1.4519
0.50743
0.47719
0.94167
1.3547
1.0223
1.0127
0.64171
1.5001
1.0794
1.3616
1.2696
1.6807
0.96958
0.35974
1.779
1.5642
1.3579
1.7131
1.6984
1.5495
0.26974
0.72519
1.0235
1.3053
0.31778
0.078315
0.28057
0.13603
2.4199
0.52952
0.9044
0.79452
1.7952
1.0074
0.86145
1.6376
0.97969
1.5739
1.7403
1.5848
1.5813
1.7756
2.1014
1.4202
1.7434
1.1751
1.8481
1.4181
1.7805
1.4873
1.8718
1.0405
1.2888
0.90826
1.6376
1.5992
1.1147
1.8607
0.45699
1.6552
1.1973
1.3576
1.2042
1.2643
1.3424
1.3218
0.69762
1.2197
0.99625
1.1825
2.0221
1.2253
1.0734
0.72646
1.0766
1.1865
1.2364
1.9244
1.3395
1.2017
1.399
1.3579
1.2258
1.3072
1.3204
1.0908
2.3101
2.2581
1.4397
2.0716
0.9483
0.90048
1.3394
2.5048
2.3532
1.9484
1.2626
2.1257
1.4752
1.6506
2.1145
1.0279
2.3467
1.4496
1.4331
0.93279
1.1564
1.1929
1.6115
1.7135
1.5504
1.5574
1.2286
2.048
1.6878
1.5934
1.4254
1.3625
1.5833
1.7096
1.3709
1.506
1.2917
1.1575
1.0458
1.0722
1.1107
1.0823
1.1973
1.2319
1.0884
1.977
1.9913
1.0879
1.2815
1.2291
1.4444
1.0862
1.3395
1.2173
1.2289
1.1443
1.3339
1.3616
1.0219
1.3058
1.1956
1.1798
1.3471
1.387
1.323
1.2292
1.9514
1.1061
1.7948
1.3675
1.2709
1.4472
1.2574
1.3432
1.3165
1.6336
1.4039
1.1265
1.5419
1.1719
1.6677
1.2945
1.5775
1.3515
1.1897
1.257
1.687
1.3612
1.134
1.4443
1.0556
1.3546
1.2769
1.1165
1.3632
0.91321
1.2289
1.243
1.218
0.9363
1.2655
1.2181
0.70433
1.3477
1.5576
1.2282
0.65666
0.28658
1.7605
1.1678
1.6198
1.3025
1.4437
1.0486
1.3025
1.6418
1.4875
1.6051
0.62878
0.81624
1.3234
1.3412
2.1229
1.7715
1.4326
1.2857
1.2658
1.1849
1.4207
1.0481
1.341
1.1847
1.6815
1.1615
1.2438
1.3043
1.2624
1.123
1.2082
1.3461
1.2578
1.2651
1.2573
1.366
1.2687
1.3143
1.3317
1.3915
1.339
1.3657
1.4245
1.4343
1.3204
2.265
1.1599
2.0023
1.3245
1.1985
1.3384
1.037
1.3079
1.3551
1.4544
1.406
0.78432
0.30264
1.2366
1.3236
1.9846
1.533
1.4806
1.4497
1.2328
1.0979
1.3801
1.2066
1.3422
1.2955
0.96765
1.2589
1.255
2.3179
1.2
0.13166
1.0587
1.7664
1.3753
1.5928
1.7757
1.7757
1.7823
1.9012
1.7964
1.8189
1.8908
1.0963
1.5536
1.7765
1.8053
1.8937
1.7975
1.8366
1.8897
1.9215
1.8987
1.9145
0.94086
2.0774
2.0167
1.7107
1.8093
1.7576
0.093606
1.0532
1.8669
1.2112
1.011
1.2155
0.97146
0.9309
0.92579
1.5749
0.045552
0.24428
0.019897
0.98365
0.98687
1.6665
1.2147
0.9329
1.706
1.5295
1.2009
1.2745
1.4703
0.17183
1.6548
0.14814
1.3799
1.232
1.0065
0.20323
2.152
2.2692
2.2931
0.19276
0.027977
1.0413
1.7192
1.5504
0.9964
1.7959
0.78119
1.8469
1.7324
1.7823
1.9485
0.88063
0.47848
0.79109
0.9118
1.2324
1.0256
1.2487
1.2224
2.2203
1.2299
1.2191
1.1809
1.2715
1.1903
1.116
1.4621
1.6511
2.1574
2.4683
1.4929
0.95205
1.347
2.2154
2.3491
2.4093
1.1591
0.60141
0.89399
1.2768
1.2266
1.1121
1.0232
1.4379
1.4787
2.29
1.2557
1.4303
0.089517
1.5769
0.86321
0.74276
0.68945
1.1528
2.1145
2.241
1.3853
1.4265
1.4847
1.3774
1.7223
1.3874
1.008
0.89205
0.97876
0.95582
0.70992
0.36645
0.84599
1.2561
0.967
1.5787
2.0584
0.53535
1.7033
0.92416
1.9829
1.0233
1.1742
0.48086
1.3066
1.8397
1.1987
1.1514
0.77243
0.49283
1.5153
1.6846
1.6532
0.19028
1.585
1.296
1.293
1.5673
1.428
1.5311
1.323
1.1829
0.95185
0.89253
1.0705
0.2461
1.0844
0.84573
1.6493
1.5777
1.0813
1.1652
1.159
1.2474
0.82501
0.19706
0.19275
0.84312
0.98021
0.96876
0.15568
0.7611
1.03
0.7673
1.9352
1.655
1.0533
0.6824
0.040249
0.92716
0.87188
0.10619
1.9697
1.0835
2.1021
0.11587
1.0007
2.0124
1.8553
1.3574
0.57415
0.8115
1.8401
0.89319
1.0852
1.1034
1.0707
2.12
0.28196
1.8119
1.7913
1.0402
2.2357
0.15045
0.86311
1.7659
1.1639
1.9679
2.2609
2.0316
1.8193
1.8623
1.1057
1.7855
1.6951
1.7345
1.7081
1.706
1.7873
1.6769
1.5803
1.689
1.8589
0.65397
0.72105
0.8134
1.8235
1.6684
1.5321
1.7905
1.9489
1.0746
1.5741
0.95848
0.77034
0.74412
1.219
1.487
1.067
1.0408
1.6664
0.71554
0.87451
1.7202
1.9451
1.0129
1.438
1.1254
1.181
1.0937
1.6279
1.0363
0.89754
1.2568
1.2027
1.1746
1.1479
1.3932
1.1824
1.1144
0.99385
0.83374
0.82535
0.84676
1.627
1.5272
1.5194
0.9652
1.2537
1.3692
1.3258
0.87999
0.75679
1.18
1.9126
1.9586
1.0913
0.26057
1.1547
1.2263
1.2784
1.1288
1.7804
1.2029
1.0228
1.1333
0.62091
1.2837
1.9352
0.91115
1.0217
0.95591
1.6145
1.6367
1.4931
1.4868
0.64492
1.5595
1.037
0.92846
1.7509
0.71651
1.7055
1.7781
1.7524
0.84691
1.5744
1.8616
1.5766
0.61499
0.97057
1.9549
1.3941
1.6592
1.723
0.92719
0.87565
0.95676
0.9964
1.1344
1.8361
1.8216
1.717
0.74311
0.99159
2.0023
2.0262
0.98522
1.9749
0.8743
1.1139
1.3095
1.4595
1.1732
0.9121
1.0198
1.2002
1.1701
1.1851
1.3279
1.3467
0.40268
1.5178
1.2807
0.93425
1.38
1.2791
0.42551
0.61976
1.0433
0.77113
0.72737
2.0068
1.8295
0.9599
1.8359
0.91421
1.4215
1.6959
1.6917
1.8451
1.0563
0.73595
0.48747
0.53855
0.9356
0.60203
0.71321
1.1991
2.0003
1.2016
1.1925
1.2444
1.4072
1.2857
1.177
1.2787
0.70806
1.3497
0.73746
1.0869
1.0478
0.83129
0.06291
1.4283
0.04922
1.7066
2.3167
0.4536
1.0166
0.80746
0.86906
1.0939
1.1998
1.1645
1.0116
0.795
1.0977
0.76183
0.94768
0.72101
1.2151
1.1631
1.3574
1.3334
1.3415
0.4727
1.1248
1.232
1.2778
1.2918
1.2107
1.2122
0.46085
0.89807
0.93023
1.6851
1.1267
1.0829
1.523
0.70188
0.86151
1.1296
1.3456
0.89322
0.32923
0.60113
0.19216
0.13949
2.3677
1.413
1.4165
1.1632
1.3396
0.32157
0.2194
0.24956
1.4338
0.11475
1.2389
2.4809
0.081059
0.037301
0.056119
1.5395
1.6313
1.5666
1.5294
1.595
1.2775
0.17969
0.064384
0.25308
0.04019
0.16382
1.1274
2.0049
1.4537
2.03
2.085
1.1753
0.15474
0.44509
0.56341
1.6487
1.5897
1.3799
1.7814
1.6234
1.5972
1.715
1.8701
0.54647
1.1109
1.693
1.5155
1.6054
1.5201
2.4013
1.5849
1.6389
1.4957
1.6278
1.6576
1.1138
1.532
1.497
1.4388
1.5165
1.3919
1.5622
1.5489
1.5694
1.4869
1.5442
1.2443
0.18643
1.0515
0.19941
0.13798
0.21846
1.285
1.4164
1.47
0.45003
1.473
1.2511
1.7706
1.8743
1.5843
1.1639
1.5672
0.45418
1.546
1.5331
1.5501
1.8137
1.3003
1.7461
1.7046
1.6972
1.6673
1.6665
1.7522
2.1272
1.4757
2.3168
0.11127
1.0005
0.96508
1.1973
0.73427
0.94932
1.2547
0.1705
0.83202
1.3296
0.10476
0.20608
1.1572
0.20977
0.36654
0.97022
0.17506
0.85375
0.89375
0.08707
0.051439
0.84491
0.32361
1.0937
0.077709
0.95529
0.067547
1.1694
0.23842
0.098046
0.83288
0.024961
1.0186
0.89251
0.9516
1.0566
0.94073
0.23102
0.98529
0.9988
0.95996
0.95492
2.0331
1.0604
0.92946
0.088115
0.015365
1.7087
1.0287
0.2079
1.3574
1.2555
1.2633
2.3927
0.15769
1.3008
1.9311
1.2065
1.2654
1.1857
0.21955
1.415
1.3066
1.1907
2.0207
0.38545
1.3403
1.3377
1.0373
0.20863
0.11795
0.18348
0.18073
0.091791
0.42624
0.26733
1.3397
2.4414
2.2356
0.17585
0.10081
1.7871
0.1027
1.1178
1.2813
1.5555
2.1012
1.5716
1.325
0.22841
1.6062
0.99157
0.87849
0.7204
0.58061
1.4129
0.42652
0.79698
1.8082
0.97766
0.27879
1.3806
0.45974
1.2423
0.2929
1.194
2.1009
2.1389
1.9154
1.0521
1.8916
1.0319
1.3755
0.9259
0.92693
0.85512
0.83841
0.78558
1.3365
1.1123
1.0633
2.0106
1.8223
1.972
0.89712
0.87777
0.96065
0.97302
0.82158
0.068849
1.8681
1.2667
0.92092
0.97681
0.93746
1.4697
0.96516
0.29184
0.78078
0.32164
1.1511
1.2213
1.1813
1.2034
1.0677
1.1807
1.2263
1.177
1.9588
1.2235
1.1149
1.1729
1.0332
0.13853
1.0023
1.0979
1.1227
0.71087
0.94282
1.0284
1.1392
1.165
0.89853
1.756
1.3205
1.7572
0.97093
1.0463
1.0853
1.2488
1.1185
1.1961
0.72174
1.9331
1.3428
1.3386
1.2961
1.0872
1.2598
0.29048
1.1438
1.3899
2.391
0.31273
0.36135
1.2935
1.0214
0.92907
1.4936
1.3497
1.348
1.4041
1.4181
0.27725
1.2397
1.158
0.58385
1.0915
0.87679
1.1676
1.3478
1.6309
1.2372
1.5104
1.3713
1.2445
1.4064
1.2216
1.2069
1.4198
1.3898
1.8473
1.3252
1.3183
1.4281
1.5522
1.0215
1.4197
0.33886
0.18989
1.1989
1.4336
1.4118
2.0654
1.2554
2.1763
1.2963
1.1124
1.2315
1.1941
1.3046
1.2167
1.1824
1.2901
1.2401
1.1888
0.96084
1.1301
1.9807
1.2839
1.2614
1.2894
0.45623
1.2703
1.1975
2.1146
1.3529
1.3962
0.95459
1.2925
1.3292
1.33
0.41132
2.2179
1.2536
0.58479
1.2447
1.3618
1.0646
1.0065
1.3504
1.2645
1.8057
2.0552
1.906
2.1777
0.76782
0.86202
1.2599
1.6917
1.6153
1.2529
1.3694
1.6261
0.9905
1.1387
0.90821
1.2458
1.0227
0.83719
1.475
2.4409
0.98094
1.18
1.1668
1.6169
1.4954
1.2814
1.6743
0.82374
1.1501
0.86719
1.3482
1.1826
1.1169
1.5559
1.1078
0.83182
0.87236
1.0041
1.1491
0.99191
0.92788
0.61098
0.43419
0.90142
1.3526
0.71661
0.82806
0.80111
1.0324
0.92671
1.1595
1.1273
1.12
1.2358
0.73476
1.0909
0.59861
1.134
0.27227
0.96195
0.30882
0.92246
1.0041
1.0939
1.1239
1.1696
0.73271
1.1567
1.0218
0.90003
1.1969
0.3385
1.4193
0.95395
1.2355
1.5005
1.076
1.1471
1.0426
1.0619
1.1224
1.1726
1.1103
1.3837
1.4489
1.1746
1.478
1.3554
0.38305
1.5417
0.97063
1.0972
1.1459
1.4266
1.3701
1.6372
1.5017
1.3873
1.1684
1.3621
1.2403
0.46929
1.416
1.5402
0.54966
0.99428
1.4921
1.4534
1.1025
1.1366
1.2038
1.3839
1.1404
1.4562
1.1537
1.4923
0.96175
1.5806
1.5607
1.2745
0.88541
1.3407
1.1281
1.4486
1.605
1.2651
1.262
0.74132
1.2694
1.2611
1.4911
1.3587
1.4025
1.273
0.84338
0.81802
1.1004
1.1134
1.0027
1.2852
1.7503
1.8161
1.1032
1.0411
0.76647
0.76862
1.0082
1.1967
1.5991
0.064249
1.1284
1.5683
1.3239
1.0776
0.29579
1.4796
1.3716
1.4629
1.1611
1.1871
1.7312
1.7638
1.6902
1.4726
1.4775
1.5741
1.2231
1.5641
1.2676
0.62889
1.1292
0.31927
0.20632
1.9197
1.0959
1.2504
1.3153
1.3945
1.4631
1.124
1.1715
0.20621
1.6169
1.1241
0.57167
1.568
1.1516
2.0722
2.2971
1.2963
2.0179
1.1133
2.0529
1.7954
0.74112
1.9411
1.9095
1.8791
1.8185
0.84323
0.82295
0.99027
0.93247
1.7996
1.128
1.0429
1.9419
0.28797
1.1525
1.2853
1.0677
1.4975
0.71006
1.498
1.5349
1.5438
1.4142
1.2567
1.2717
1.1905
1.2364
1.3166
1.341
1.2962
1.2521
1.4479
0.96433
1.5689
0.3894
1.4109
1.223
1.8493
1.1966
1.3987
1.2272
1.251
1.391
1.23
1.4763
1.1504
1.4557
1.605
1.4722
1.6919
1.6951
1.4902
1.0603
1.3469
1.5151
1.5718
1.586
1.4697
1.9248
1.196
0.43283
2.0524
1.1437
1.3225
0.6618
1.2104
1.5512
0.32847
1.0269
0.50589
0.95978
1.1908
1.8961
1.1597
0.32612
1.1312
1.629
1.1449
1.1689
0.84806
0.9716
0.093051
1.9837
1.061
1.9188
1.7062
1.2665
1.2916
0.84187
0.23262
0.13871
0.7119
1.3219
1.0172
1.0522
1.9011
0.62411
1.0706
1.1707
0.95361
0.79494
0.42474
0.92794
1.1036
1.0723
0.13259
0.92997
0.26307
1.0572
1.381
0.19383
0.2531
1.4104
1.2751
0.21388
1.4459
0.84639
1.3356
1.4684
2.113
1.0325
1.2226
1.3068
0.48411
1.9895
1.9064
1.8386
1.912
2.169
2.2772
2.0567
1.3511
1.2386
1.2767
1.1111
0.88754
1.046
1.1331
1.0684
1.9224
1.0697
1.4155
1.5474
1.4946
1.4838
1.4382
1.3466
1.2075
0.95925
1.2906
0.43252
1.7623
1.6604
1.5114
1.5961
1.5971
1.8529
0.16569
0.65396
1.5187
0.012623
0.53618
0.7034
1.5784
1.4252
1.5613
1.4805
1.4253
1.9562
1.9847
1.9336
0.75938
1.2138
0.75423
0.17484
0.81534
1.824
0.075204
0.074206
1.4522
1.4636
1.5079
0.12238
0.04372
2.1894
0.77222
0.15525
0.022368
2.0524
0.20177
2.0069
0.23045
1.6931
0.27729
0.020785
0.077284
0.042768
0.89769
1.8389
2.3519
2.0431
2.3255
0.57933
1.9567
0.48164
1.4756
1.4986
1.0705
1.4591
0.29658
1.0512
1.1481
1.2835
1.4857
2.2793
1.254
0.030411
0.36418
0.16784
1.345
2.2893
1.1245
1.1293
1.1657
0.36561
0.34912
1.0152
1.5317
1.0016
1.1132
1.3122
0.31357
1.1789
1.4024
0.55133
1.5641
1.867
1.7189
0.37952
0.57373
0.5979
0.22251
0.82471
0.11129
1.6653
0.34106
1.4922
0.56537
1.644
1.2658
1.5607
0.34574
0.35898
0.21974
0.34622
1.1836
0.81116
1.3718
0.20753
1.5278
0.047254
0.02757
2.2045
2.5124
2.3555
0.049633
0.5556
1.3613
1.2913
1.4794
1.5662
0.42211
0.08356
0.50624
0.10543
1.3759
1.3059
0.10002
0.96951
1.2231
0.15038
0.055177
1.8465
1.3526
1.328
1.3352
1.2954
0.052751
0.022831
0.049432
1.4513
0.053843
0.081647
1.2358
0.07919
1.2877
1.3229
1.4122
1.31
1.2785
0.018801
1.5343
1.7357
0.2168
1.5448
1.6026
1.5817
1.3761
1.546
0.096919
1.364
1.3808
1.4095
1.5306
0.026386
0.047112
1.4536
1.3685
1.3147
1.3972
1.4629
1.462
0.04489
0.022572
1.4968
0.068018
0.094472
0.022604
0.051705
1.2765
1.5643
1.6673
1.6761
1.6309
1.5508
0.1105
1.9159
1.7001
0.083347
1.8173
0.23648
1.7908
1.6981
0.7141
1.7441
1.7161
0.012407
0.89652
1.7581
0.11889
1.743
1.7383
1.7368
1.5348
1.4636
1.5034
1.5653
1.2612
1.1906
1.5921
0.64436
0.034669
1.4546
0.83855
1.8758
1.5433
1.7924
1.8762
