41.246
48.841
51.458
52.47
53.122
54.259
54.345
55.986
53.864
50.886
54.558
55.597
47.805
58.039
57.948
61.114
56.036
58.184
61.88
58.288
57.565
58.162
57.906
48.142
63.953
61.619
67.553
63.923
67.511
64.661
64.348
61.956
67.498
66.921
48.759
52.021
58.026
55.125
59.693
56.526
59.216
52.619
53.231
56.483
56.445
51.164
56.523
61.114
59.966
58.895
58.594
58.165
56.8
55.904
61.323
59.911
47.811
59.985
61.035
61.5
60.313
62.094
64.709
64.326
65.52
72.078
70.122
49.359
67.14
65.467
67.086
64.518
74.284
78.609
69.81
68.965
68.506
69.23
50.968
78.772
70.376
78.554
70.232
69.234
67.475
74.926
65.936
64.75
66.228
53.549
64.718
71.489
65.345
62.911
71.647
68.028
66.373
65.56
64.07
70.076
44.15
67.141
73.176
72.293
73.132
66.028
67.346
68.571
74.07
65.334
63.616
38.544
44.741
67.38
60.446
46.661
42.307
38.52
42.051
43.091
48.461
45.112
47.95
45.426
47.198
45.702
47.186
42.428
43.935
41.63
41.876
42.94
43.429
46.061
45.325
45.074
45.16
44.761
44.006
47.95
37.205
41.892
44.582
47.142
46.817
39.859
45.956
39.405
38.752
40.915
42.662
40.854
39.833
40.877
39.133
41.427
41.843
45.637
40.85
41.337
41.632
43.842
40.949
43.903
45.333
46.07
45.134
50.84
46.292
47.086
47.838
47.067
50.008
42.94
41.523
39.016
48.237
47.052
47.816
46.276
53.726
51.374
49.866
51.597
48.718
47.025
50.27
47.272
48.423
48.479
47.418
47.731
48.723
45.958
47.081
50.853
46.853
37.937
50.837
54.546
51.134
91.014
70.266
56.355
62.157
60.142
61.109
62.433
61.472
60.334
63.46
63.672
64.751
73.495
61.722
60.619
62.704
63.304
64.239
66.68
64.939
65.901
65.174
64.718
66.992
66.364
64.292
66.14
66.468
64.373
68.881
72.372
68.999
67.717
67.292
65.842
66.625
71.033
67.414
72.666
72.237
75.821
72.236
70.076
68.325
69.714
69.616
74.283
71.454
71.121
76.761
71.391
75.065
71.194
70.874
70.041
94.127
68.539
132.19
63.95
77.787
58.912
69.433
67.679
57.419
56.529
59.3
55.006
61.497
108.96
130.15
63.218
70.33
72.944
58.764
60.814
59.785
55.191
58.276
59.663
67.93
74.422
62.417
62.755
60.969
66.196
65.618
60.221
65.383
76.564
58.905
60.685
66.306
69.563
65.302
66.214
65.629
69.106
63.941
68.921
102.55
68.179
69.948
68.339
67.297
67.475
65.921
79.94
110.49
63.928
96.108
71.396
76.928
81.445
154.5
85.651
66.355
102.65
74.124
104.17
167.6
87.368
71.545
279.36
55.937
53.895
57.924
53.838
92.898
60.36
62.752
61.022
62.439
73.407
59.371
68.919
58.433
62.083
57.768
61.338
60.562
70.181
67.291
69.045
70.176
84.022
67.244
64.001
63.799
64.801
63.139
63.548
62.798
67.764
69.625
65.475
64.24
64.206
64.825
64.356
66.983
66.894
67.063
64.188
67.989
64.252
69.803
64.411
66.132
70.564
71.127
64.906
63.21
63.269
62.429
59.521
59.233
43.317
53.493
59.512
58.584
56.216
56.547
59.1
56.696
54.527
56.087
53.51
54.726
60.303
51.589
52.704
50.708
51.855
51.762
45.927
55.985
54.626
54.313
56.309
59.386
54.567
62.405
60.887
60.423
57.868
57.566
55.672
55.377
54.805
51.645
60.28
51.133
57.357
57.221
56.434
56.825
57.604
57.063
61.005
60.42
62.793
41.099
65.085
59.494
61.16
62.849
64.233
70.001
70.245
69.675
67.893
73.763
50
71.944
74.216
67.004
66.698
66.481
73.637
69.077
69.736
70.76
71.652
53.23
67.749
73.352
70.369
71.838
71.793
74.988
70.647
67.928
62.055
68.783
53.826
56.539
71.653
71.926
68.193
67.236
75.933
66.876
69.333
71.351
67.12
46.232
60.328
45.489
46.445
45.894
48.925
49.087
48.175
45.645
44.596
45.721
46.182
42.908
39.282
51.346
43.583
51.809
44.253
42.494
42.847
42.498
51.153
52.069
46.904
49.341
52.996
49.758
50.232
41.808
44.21
43.084
45.76
55.769
53.945
56.061
57.147
55.673
47.057
57.825
57.284
53.359
53.319
52.557
56.893
58.192
54.998
50.844
55.222
51.227
49.648
61.976
62.37
63.814
62.886
47.413
57.418
53.32
53.626
56.011
52.321
64.758
64.246
69.464
63.279
51.231
49.695
49.66
50.68
50.378
52.787
56.171
55.943
55.479
52.151
52.147
50.798
50.644
50.902
53.154
51.958
52.1
51.674
48.934
53.519
49.042
53.797
55.892
57.698
61.979
62.815
65.125
43.597
55.132
49.159
50.974
50.483
52.727
49.037
46.141
47.097
49.95
50.801
51.431
51.58
50.88
50.891
50.397
50.402
51.908
51.323
52.717
52.551
54.156
55.338
53.739
55.755
54.995
56.871
55.623
56.395
57.091
53.917
53.27
54.895
53.796
42.007
54.296
56.446
55.348
58.738
62.972
59.907
61.499
60.826
61.188
55.986
46.376
56.008
60.662
55.609
55.229
54.572
53.529
52.223
62.862
61.61
59.665
47.713
58.792
57.939
56.33
55.648
53.735
53.227
55.97
59.273
56.84
57.924
49.569
54.729
54.979
53.224
52.486
54.809
56.023
54.274
57.688
55.631
59.005
46.898
56.464
57.502
55.337
58.446
54.156
53.149
52.07
51.672
54.826
52.787
48.493
56.265
50.77
55.913
58.597
57.842
55.904
54.467
53.493
53.43
57.17
48.655
55.67
53.247
53.598
55.841
55.821
55.582
53.866
55.937
55.704
53.41
49.252
49.278
51.255
51.221
54.436
51.111
57.142
22.945
50.296
51.169
51.963
50.207
48.44
50.484
52.224
50.706
47.435
52.056
46.509
50.326
49.681
48.091
48.733
48.224
44.013
45.326
49.203
50.948
50.562
46.903
48.958
47.083
43.408
40.044
32.263
36.678
37.523
36.228
37.453
49.115
41.985
42.135
40.729
46.277
44.577
45.519
45.423
44.866
46.224
47.126
48.488
46.173
44.963
46.879
44.11
43.556
47.433
48.349
47.133
47.349
45.536
54.302
48.283
48.117
49.97
47.926
46.818
46.582
46.942
46.892
47.903
48.793
56.276
49.581
45.746
47.748
46.701
45.522
43.573
43.986
39.158
41.611
42.994
54.751
43.328
47.815
47.905
48.622
46.962
46.838
43.849
43.877
42.029
42.365
42.424
40.281
43.358
42.911
46.732
48.488
48.168
50.262
48.358
48.678
48.708
48.858
40.413
44.972
45.92
47.712
49.795
51.497
54.022
46.979
45.405
45.113
44.412
39.239
43.87
44.427
45.015
47.928
50.462
49.21
52.377
50.771
51.408
52.205
41.971
52.225
50.444
50.412
49.423
51.386
49.374
46.544
50.536
52.379
56.417
42.915
55.383
52.493
53.068
53.057
51.876
51.412
51.113
52.732
51.344
52.888
43.333
52.589
52.663
55.332
54.852
55.789
53.766
52.663
53.458
56.184
53.942
45.094
51.984
51.37
50.681
49.9
52.081
52.065
51.179
50.176
52.234
52.173
43.739
53.102
54.478
52.043
54.112
54.125
52.793
55.34
53.439
53.239
52.38
45.197
50.924
54.463
56.112
55.944
51.775
51.226
53.558
54.525
55.721
52.532
40.528
56.144
55.37
54.514
55.931
53.84
57.583
57.086
54.196
55.333
56.828
45.418
40.77
56.165
58.342
56.35
54.117
56.801
51.24
53.61
53.03
53.501
42.889
40.693
44.888
44.493
44.278
40.665
41.225
40.839
41.191
42.159
45.244
42.348
42.652
42.843
43.187
41.239
38.548
39.106
44.228
44.566
43.981
42.881
41.357
40.933
43.324
42.092
42.004
41.367
40.895
40.814
40.373
41.808
41.486
43.755
43.689
45.218
47.54
45.621
46.837
46.772
45.739
45.222
45.133
40.997
46.863
46.981
47.054
46.17
45.97
40.085
47.341
45.387
41.941
46.669
41.492
47.667
47.456
48.359
47.624
48.005
48.863
46.445
47.201
48.458
41.345
41.281
41.028
42.025
40.79
40.559
40.668
41.506
41.896
44.937
45.161
40.523
39.35
42.172
42.621
42.271
43.159
45.771
46.17
46.729
47.175
47.475
43.891
50.261
65.466
50.328
55.607
51.892
52.824
58.296
53.971
51.373
51.899
48.065
49.207
65.111
47.503
49.327
49.53
45.682
44.389
48.98
50.788
49.772
44.935
46.883
69.811
51.973
47.819
45.686
44.963
45.567
51.814
49.34
51.921
54.26
54.759
73.871
52.825
52.566
55.066
50.652
47.316
46.534
53.528
50.465
48.855
47.703
67.258
49.666
50.865
50.568
50.178
49.947
50.179
50.875
48.942
50.643
47.106
63.916
49.565
52.491
54.255
53.644
58.583
54.356
56.475
57.219
55.035
52.331
63.522
52.842
53.127
57.684
50.995
53.325
55.693
52.846
53.241
57.059
58.357
67.213
56.753
61.565
59.501
60.028
57.43
56.295
60.341
49.131
50.851
54.517
53.36
57.74
54.749
58.857
61.018
57.84
58.188
56.433
57.779
68.547
64.253
61.051
60.057
59.215
60.135
58.754
59.593
67.652
64.381
64.837
69.539
69.319
52.585
69.275
68.513
67.763
65.29
64.642
60.837
63.28
68.658
68.186
69.798
66.61
56.313
71.592
70.225
64.298
64.688
64.378
60.904
65.763
58.785
45.831
47.821
48.397
40.933
48.706
46.965
49.422
49.239
49.586
49.708
51.354
55.093
55.485
52.103
52.092
51.527
53.317
51.717
51.794
45.397
51.092
50.084
44.65
35.381
38.351
41.084
43.5
41.729
42.454
42.238
42.543
43.981
45.358
44.723
46.324
46.696
46.591
47.57
50.216
46.017
47.747
45.73
46.092
48.131
51.397
54.703
45.573
47.38
48.513
54.711
55.617
51.24
59.35
56.708
52.493
40.634
49.368
44.331
48.269
47.189
44.534
48.574
47.254
61.31
53.407
53.492
56.359
57.167
54.873
56.8
59.886
60.133
54.929
60.65
63.362
51.198
50.826
50.263
53.875
54.341
55.133
51.324
50.616
51.452
49.689
54.471
53.185
61.673
42.37
65.498
57.488
56.876
54.552
62.659
61.352
61.183
62.255
53.742
62.829
66.461
71.524
70.549
73.589
72.367
72.038
76.202
78.997
78.926
55.775
82.403
79.626
79.467
87.023
80.841
80.119
79.926
86.82
86.695
82.941
53.589
94.764
92.921
92.625
85.173
95.433
84.638
84.601
97.187
92.816
87.353
52.253
91.013
92.005
90.777
93.706
89.738
83.917
83.102
81.398
88.87
91.744
53.177
94.015
94.267
90.594
93.748
93.937
94.79
97.561
90.015
83.876
89.719
53.773
90.64
96.236
91.318
94.134
95.628
51.8
56.498
58.703
60.848
53.437
56.419
58.027
54.376
51.501
53.254
45.797
56.789
61.808
57.762
59.529
53.521
51.696
55.367
52.422
59.196
51.929
46.572
49.589
48.997
54.161
60.543
54.302
53.811
48.789
49.929
54.253
50.752
50.6
50.913
48.99
53.532
59.948
52.019
52.81
56.649
57.077
57.339
58.338
59.585
57.148
58.023
58.348
56.124
58.935
54.587
59.671
59.8
61.669
58.105
57.66
61.229
56.373
58.017
56.489
66.845
67.387
66.848
62.463
64.966
57.416
61.008
61.378
63.982
56.602
55.81
60.865
49.674
55.27
55.42
54.36
50.024
47.092
47.45
43.787
47.575
51.759
51.003
48.738
51.565
45.106
59.202
58.767
57.159
58.877
58.276
58.387
54.564
54.819
49.871
48.841
57.782
57.047
55.573
56.698
55.283
55.105
55.164
60.657
53.433
61.617
61.068
62.081
61.556
64.767
64.807
63.246
62.228
59.277
61.609
53.268
60.099
58.596
60.167
59.592
58.397
58.617
66.984
60.947
60.903
65.97
53.775
60.743
60.997
59.489
59.572
57.343
63.841
60.141
59.514
62.382
60.259
57.139
59.749
64.025
59.867
59.608
58.68
63.184
66.302
64.991
65.845
63.433
56.804
63.62
63.76
65.573
64.721
64.776
64.652
66.29
65.158
59.941
62.41
57.596
61.416
68.685
63.19
62.577
63.232
66.407
60.386
64.853
62.936
64.372
56.993
65.528
63.668
64.173
66.66
65.696
49.583
51.626
47.942
62.432
62.913
56.719
60.648
48.821
50.398
51.816
54.58
56.305
50.837
46.44
45.711
50.232
58.384
56.845
49.363
43.982
54.977
49.867
50.756
50.994
58.642
56.467
58.867
54.204
58.589
55.435
57.11
55.771
56.477
47.218
55.984
57.924
59.015
56.133
48.677
49.269
45.261
44.542
46.473
55.212
50.574
49.734
47.758
45.668
41.552
40.61
38.675
41.084
43.84
45.564
54.118
44.914
44.873
44.37
42.669
42.221
43.054
43.422
46.19
48.457
50.157
57.58
47.306
48.047
48.745
49.052
51.096
51.496
46.38
42.705
48.697
47.689
52.473
51.392
51.817
50.825
53.861
50.323
48.641
48.714
48.423
49.815
48.91
53.932
48.839
48.424
48.121
48.486
48.243
50.993
50.22
51.838
52.695
54.015
55.161
52.588
52.35
53.643
51.044
51.487
53.361
53.552
50.079
51.527
51.581
54.788
53.531
52.811
52.641
54.484
53.094
53.715
52.377
51.914
55.895
55.529
63.574
65.35
69.902
70.32
64.671
58.044
53.983
47.249
60.847
66.116
65.608
55.936
50.631
56.424
53.438
57.618
63.359
63.006
76.295
75.34
69.907
60.42
59.865
53.231
61.257
60.713
63.144
60.816
59.774
60.63
57.899
53.405
53.988
56.23
51.353
57.894
74.064
82.179
79.89
79.395
75.52
74.785
75.624
77.245
79.018
48.196
79.156
85.929
82.247
90.562
76.703
74.583
76.77
76.715
78.097
87.694
47.244
86.371
87.879
80.698
80.03
69.541
70.308
73.601
75.75
76.338
73.617
45.171
73.176
73.284
73.907
74.189
73.747
78.851
81.097
80.218
80.285
81.655
44.809
55.231
49.129
48.421
56.915
50.382
40.797
31.092
60.457
41.34
45.587
43.796
36.768
37.631
43.855
46.734
44.84
40.229
42.661
71.793
44.096
41.266
42.512
43.175
45.51
45.335
44.837
48.208
49.764
52.693
72.318
49.505
52.099
50.778
49.816
52.783
50.077
52.05
46.681
48.657
48.736
43.751
37.619
40.976
47.191
46.916
45.89
42.216
44.576
44.942
45.846
49.295
56.152
49.634
50.078
49.567
45.56
47.119
45.404
45.453
49.936
53.648
55.284
63.373
52.985
47.398
46.893
47.207
48.692
49.497
55.19
56.363
56.729
55.802
63.891
50.407
53.309
49.899
48.838
47.976
47.522
47.572
46.186
55.154
62.724
57.984
61.812
58.594
54.091
51.683
51.391
57.022
55.936
58.252
62.896
69.945
53.926
73.44
46.196
57.022
62.138
63.867
66.559
65.747
62.728
64.549
62.375
60.291
70.137
59.889
60.436
63.879
68.491
64.592
62.912
60.677
60.001
59.759
67.701
74.037
66.055
64.412
66.493
65.608
77.062
78.317
79.537
80.713
77.273
72.196
74.484
69.573
73.246
69.268
68.932
66.869
73.042
78.228
80.612
75.488
74.627
69.453
64.905
65.771
73.929
72.716
71.487
67.81
78.927
73.881
79.182
85.499
58.383
71.753
71.367
68.031
62.792
47.461
45.752
46.259
43.44
51.727
51.329
57.975
55.139
54.511
48.432
49.735
48.441
51.184
57.596
48.563
50.012
50.075
66.95
48.312
51.528
53.848
50.073
51.202
46.155
61.464
61.649
44.262
56.611
58.717
58.357
56.505
56.116
53.168
49.05
45.879
47.734
46.076
62.565
57.391
56.082
58.255
52.994
53.351
53.491
51.67
56.635
59.75
55.706
62.202
58.431
54.149
50.508
48.737
62.14
52.835
60.315
52.842
53.779
57.708
65.213
59.224
59.35
56.495
58.981
59.9
58.686
56.534
54.783
46.524
49.95
55.52
48.666
53.176
50.295
49.591
48.894
50.305
46.378
45.9
47.426
58.511
50.262
61.543
57.755
64.628
64.331
66.421
64.106
68.02
64.191
64.45
64.963
54.633
62.974
67.789
68.295
67.382
62.893
65.216
52.579
54.546
61.361
61.343
69.206
63.151
59.908
58.749
54.832
56.126
58.109
59.253
59.912
59.287
58.701
47.502
46.56
46.693
44.628
45.469
43.8
40.359
40.902
46.9
47.22
44.598
45.949
50.825
47.252
47.141
45.722
46.031
46.8
45.134
44.408
46.652
47.925
46.174
43.563
48.058
46.782
45.475
45.466
46.434
44.845
44.74
50.319
49.256
46.222
44.69
46.616
48.501
48.984
48.859
47.07
44.278
53.148
54.175
50.153
59.869
46.139
58.502
57.1
57.09
55.837
55.571
57.349
56.376
56.25
56.021
55.763
46.561
50.01
50.931
52.272
51.752
53.331
53.009
56.602
54.249
53.146
53.01
47.487
57.754
55.505
52.111
53.264
52.413
52.145
53.339
53.612
55.411
53.256
46.687
56.156
55.987
57.453
54.99
54.082
53.03
52.712
56.049
54.268
56.238
46.932
58.556
59.798
60.57
59.951
58.207
58.219
58.46
59.424
61.341
60.551
47.177
58.911
61.437
58.735
59.55
55.922
54.772
59.822
58.061
58.677
59.691
55.561
43.393
61.202
57.736
36.902
44.646
43.451
48.34
46.892
45.328
48.225
48.057
48.404
44.61
53.282
48.815
52.272
52.223
46.877
44.992
50.449
49.864
47.456
50.738
48.356
48.256
47.118
48.467
45.014
44.5
41.066
43.829
49.198
46.309
44.356
45.911
49.04
45.956
46.086
42.802
41.513
42.887
43.457
47.284
44.28
43.839
43.593
49.051
44.355
44.231
44.348
45.796
44.821
45.026
45.756
46.091
48.088
48.42
49.598
46.729
47.825
40.029
43.333
41.094
46.289
45.911
46.188
45.976
46.466
50.396
47.943
46.924
52.807
47.621
53.441
51.549
46.233
50.796
51.253
50.741
46.873
47.246
45.646
45.789
45.098
47.396
46.806
43.233
46.876
43.731
45.52
37.898
44.712
40.262
40.963
40.109
40.474
34.843
39.379
40.034
40.449
40.549
40.713
44.732
41.417
39.81
40.043
39.743
40.063
39.489
39.802
39.492
40.201
39.629
44.511
39.238
39.137
38.905
39.667
39.37
40.783
46.02
44.192
46.507
47.779
45.976
40.33
42.166
40.332
42.29
50.142
41.011
44.43
42.116
43.655
43
45.518
43.27
41.998
43.467
42.043
38.538
41.436
43.724
43.203
44.531
42.722
46.072
41.616
44.043
41.054
43.089
43.577
47.925
43.522
49.058
51.265
51.45
45.696
52.266
55.453
54.496
53.221
53.425
55.704
57.809
58.449
54.85
55.91
46.538
53.46
55.686
57.03
54.338
56.402
55.415
55.466
56.048
56.744
54.2
47.372
55.649
55.134
53.591
53.595
55.097
55.557
55.067
55.406
55.527
58.976
47.976
57.93
56.68
55.731
56.668
55.2
56.004
55.702
55.374
55.756
57.222
46.646
48.415
59.193
47.262
52.782
53.958
54.215
53.948
54.434
54.498
54.01
54.117
48.277
55.96
54.022
55.937
57.489
55.266
57.437
46.373
49.161
53.193
53.411
47.214
53.587
58.17
55.899
59.82
56
56.518
57.31
57.015
56.546
56.457
46.046
56.607
61.226
36.439
48.97
49.926
47.752
49.791
47.491
51.023
33.523
49.186
46.248
49.808
47.561
43.459
42.017
47.237
42.046
42.77
43.897
40.046
41.252
38.377
43.617
43.778
44.585
43.816
39.471
37.052
38.918
42.381
41.775
41.951
41.475
40.344
41.75
38.501
39.611
39.844
41.724
39.608
51.56
41.93
41.452
45.768
45.368
45.021
38.221
45.089
40.018
38.753
39.876
41.769
38.47
42.255
36.9
41.145
43.202
45.284
45.497
38.029
43.997
36.271
36.952
45.316
41.149
43.085
37.525
36.087
41.888
40.555
40.862
40.676
40.396
41.161
47.435
40.331
40.028
40.006
40.585
41.234
40.833
40.561
41.638
41.228
41.345
46.827
47.812
44.358
43.985
41.954
41.355
42.839
43.726
45.548
44.826
46.356
43.236
47.097
40.184
39.169
47.025
47.744
42.115
41.92
42.087
41.848
43.564
43.897
52.266
46.324
46.363
44.877
45.629
46.763
47.264
49.295
46.615
47.747
48.176
51.93
46.342
46.13
48.258
42.748
42.091
42.864
40.358
38.211
39.605
38.672
50.285
38.158
42.016
44.101
44.888
50.279
49.063
50.095
49.968
49.048
53.786
49.622
56.126
53.588
53.264
56.276
56.093
55.552
56.972
56.346
54.53
55.508
49.686
49.628
46.789
48.296
45.929
48.262
46.861
50.959
51.827
52.133
47.293
52.534
48.444
49.086
50.217
50.87
51.239
50.09
49.587
56.192
54.245
52.314
51.983
49.57
49.023
52.281
50.438
52.64
52.52
54.251
51.847
52.283
52.048
48.626
55.795
56.008
52.528
55.679
53.492
59.739
59.477
58.548
59.879
58.989
49.163
50.124
57.096
57.335
58.582
59.126
57.499
58.83
53.236
50.902
55.014
52.39
52.502
50.366
49.07
48.542
45.865
40.653
47.316
47.907
47.801
46.305
47.391
43.979
45.317
47.129
47.981
49.851
50
51.168
50.419
46.759
43.929
47.356
49.845
45.903
47.29
50.398
49.18
51.2
50.665
51.562
50.189
51.55
49.614
50.417
48.886
49.711
44.765
44.498
51.132
48.108
49.025
49.718
48.662
46.585
44.571
58.575
66.279
63.737
60.977
49.909
65.642
66.831
56.885
44.509
47.25
51.215
51.811
52.36
52.395
52.512
46.108
52.057
52.992
53.179
51.798
51.422
52.419
50.668
44.432
46.4
45.653
49.211
47.273
43.22
42.832
41.688
48.164
47.443
46.053
41.624
38.947
41.586
46.95
43.705
49.115
49.951
46.128
48.099
49.424
47.612
51.584
49.059
52.314
46.952
43.826
50.829
55.64
53.946
50.963
53.737
53.714
51.962
51.243
54.007
46.535
49.859
46.034
58.014
46.327
45.943
48.08
49.047
49.331
49.778
50.15
49.935
44.856
51.894
52.783
54.1
53.918
54.526
54.987
53.548
56.553
56.113
56.193
42.644
55.404
54.868
54.903
55.304
54.727
54.844
56.039
59.673
56.831
56.947
41.31
54.512
54.545
56.368
55.185
56.358
56.238
56.763
57.005
59.86
60.073
45.079
57.993
62.539
58.925
57.329
61.356
60.803
62.277
61.125
64.852
61.755
44.038
59.686
58.73
57.049
62.337
63.682
59.429
59.304
60.299
59.31
59.879
43.868
58.7
58.067
58.52
58.811
58.834
60.798
56.572
58.418
56.341
61.971
44.291
55.118
57.906
54.308
56.729
53.278
56.088
53.773
46.959
45.659
47.269
44.598
45.985
46.441
42.004
40.385
41.249
38.57
44.148
111.62
38.754
43.117
43.855
47.824
41.535
48.988
43.284
45.411
47.229
41.087
83.825
41.469
43.36
41.866
41.782
41.921
43.753
42.62
43.633
41.762
41.154
44.726
42.383
41.731
47.644
54.971
42.663
42.442
48.442
45.613
46.255
45.894
44.53
46.95
44.005
43.197
44.482
44.726
46.258
50.341
46.768
45.883
44.617
43.569
48.676
44.978
45.733
44.84
44.166
45.476
46.676
44.595
53.309
50.087
46.31
46.1
47.307
47.766
49.872
49.393
43.576
46.516
44.774
46.635
49.106
43.56
50.135
50.021
51.338
49.539
46.88
47.755
49.331
51.051
50.08
47.695
43.537
50.343
58.725
60.479
65.443
64.469
64.879
62.97
64.643
60.289
60.577
60.134
50.493
59.837
61.826
56.54
60.019
58.731
57.584
57.639
65.908
62.127
61.752
48.864
61.593
62.213
61.23
63.191
60.716
59.505
60.452
57.118
60.82
56.91
45.905
57.806
58.128
57.189
54.28
58.586
58.293
57.177
57.543
58.832
60.294
47.061
59.456
58.613
59.507
59.091
60.188
56.879
58.49
57.922
57.721
54.525
56.868
56.357
57.736
58.413
59.313
54.038
54.164
60.246
59.254
55.442
53.708
48.765
53.23
54.629
54.333
57.343
52.826
48.702
48.775
54.95
50.585
51.753
49.532
49.774
49.605
54.576
55.869
49.608
56.475
53.49
53.539
53.408
48.477
60.858
61.069
56.597
55.19
54.081
52.792
54.359
55.605
51.062
51.567
56.197
51.147
50.398
51.874
53.665
56.845
55.788
53.777
52.544
50.03
49.155
49.565
49.03
51.115
51.091
45.481
47.698
48.369
51.106
53.017
51.45
51.506
53.756
55.367
54.211
53.949
55.454
56.474
57.308
58.205
58.125
52.382
62.941
61.434
61.638
61.53
62.211
60.031
59.376
54.521
51.994
57.26
49.652
63.011
62.678
61.498
62.223
63.96
62.986
63.118
64.034
64.667
61.446
51.828
65.41
64.855
62.842
61.502
64.518
65.055
67.542
66.576
65.229
65.688
59.082
56.649
75.451
78.477
77.419
78.793
86.421
80.569
72.241
71.183
72.083
74.464
60.166
71.425
67.5
71.586
71.63
64.459
68.214
70.069
64.867
63.881
67.808
59.981
72.497
70.148
68.491
71.086
68.234
66.373
69.473
70.777
67.235
70.188
62.254
67.159
71.275
75.798
70.173
72.506
75.826
70.207
70.381
74.872
65.633
57.273
65.406
76.824
70.197
66.172
67.666
69.712
68.168
62.263
62.85
64.113
64.174
63.52
51.836
64.451
58.422
51.192
51.225
60.1
55.184
54.39
62.748
61.966
58.669
57.848
57.283
56.149
55.42
52.99
61.695
56.992
56.159
55.606
62.158
61.963
61.145
64.092
61.724
63.654
61.472
58.189
57.153
64.218
64.983
63.165
67.573
66.772
65.756
65.937
71.063
71.806
59.821
73.341
75.658
67.763
67.087
67.323
66.825
68.024
55.123
58.651
68.286
64.228
66.322
65.679
68.23
69.953
70.432
66.325
61.145
66.473
62.819
63.139
62.048
63.247
62.198
62.728
69.272
66.553
64.858
62.68
66.275
66.951
64.271
55.114
62.475
62.277
61.762
62.659
65.697
65.122
73.829
71.465
76.088
67.686
56.801
72.265
67.82
69.814
76.972
80.417
70.827
68.88
74.076
74.401
72.251
44.545
47.315
62.742
56.471
54.436
59.471
53.752
53.785
54.73
52.53
50.07
56.761
43.76
53.56
52.615
52.892
53.991
59.868
54.09
52.005
52.222
49.74
50.803
44.884
46.967
47.353
48.371
49.429
52.388
52.445
48.168
46.814
58.766
56.99
44.58
58.028
59.665
56.411
54.157
53.109
53.407
50.467
52.768
49.467
48.618
44.577
48.27
47.665
47.391
47.463
50.952
49.008
50.688
50.483
51.487
52.033
50.249
50.091
54.002
54.084
56.512
60.023
59.755
61.493
58.845
58.737
50.063
50.773
57.869
55.278
53.344
52.368
54.368
52.666
55.896
53.04
53.92
53.925
51.282
52.736
54.683
52.357
48.854
52.172
54.512
53.697
56.712
56.116
52.259
50.975
56.13
59.616
58.894
57.629
57.852
58.548
56.702
58.613
62.139
59.823
52.527
60.327
58.138
55.875
60.619
36.46
42.67
49.653
55.241
51.21
49.264
48.988
45.791
46.437
47.904
45.676
46.053
43.987
47.735
47.384
43.686
51.768
47.638
46.045
41.523
44.379
47.32
40.905
43.867
41.96
41.911
48.088
48.596
44.893
43.408
49.705
47.946
47.347
45.208
44.636
42.106
47.823
43.955
48.994
44.242
42.831
44.756
43.249
45.848
45.268
44.337
44.554
43.929
41.773
45.141
48.073
50.273
48.817
47.123
48.673
49.217
42.002
46.464
47.652
46.226
45.728
45.456
45.279
45.437
42.502
43.798
45.749
42.305
44.715
44.664
47.316
47.875
45.771
44.743
44.424
43.345
45.562
46.026
46.726
45.261
46.657
49.608
53.02
52.44
52.542
49.995
49.814
47.04
54.733
35.616
30.903
41.039
39.912
40.29
40.617
42.458
42.789
45.972
42.234
40.19
63.942
32.144
41.948
41.946
42.239
41.211
45.449
46.263
46.193
47.048
47.338
45.828
32.825
41.493
43.28
43.242
44.057
49.569
47.414
43.358
43.672
43.177
45.534
33.458
42.28
45.254
44.724
58.362
48.678
51.899
50.881
53.038
49.135
49.179
76.569
55.539
50.151
47.704
50.522
51.88
52.035
52.27
53.634
52.222
55.533
33.946
53.053
52.219
51.911
50.811
50.611
51.501
51.585
51.999
49.439
50.991
37.675
50.675
52.364
54.673
52.923
54.042
53.772
53.421
54.578
54.938
53.118
36.074
55.073
52.851
54.78
59.365
58.247
56.586
59.093
57.953
59.584
57.979
33.824
59.646
59.211
62.397
60.697
63.414
59.154
62.339
57.113
59.609
59.239
34.295
57.79
59.727
60.092
60.088
57.346
57.834
60.87
57.202
58.081
59.815
39.893
41.474
58.31
56.347
56.509
61.596
57.802
57.87
58.055
58.972
58.843
58.193
37.904
59.656
66.077
56.148
56.836
58.373
56.416
54.41
52.445
47.077
43.945
34.223
34.617
34.64
34.947
37.725
38.804
38.798
35.429
39.046
38.005
34.311
39.696
34.646
35.602
36.37
36.386
35.601
39.135
39.183
37.752
41.806
38.758
40.284
38.134
38.058
40.354
41.893
36.79
37.453
38.329
36.42
44.365
41.867
37.918
37.406
36.99
37.027
37.528
37.531
39.83
40.096
36.504
40.921
39.221
51.219
45.017
40.935
41.46
41.972
40.577
39.774
40.167
38.631
43.5
42.934
46.567
45.822
44.578
44.374
43.523
41.864
43.132
43.749
40.563
43.224
42.071
39.949
41.567
41.637
41.589
41.314
40.858
39.835
41.25
30.077
40.293
40.355
42.657
52.354
40.907
42.728
43.53
43.875
41.608
44.317
