0.61921
0.7449
0.79105
0.77788
0.75539
0.78939
0.82951
0.8278
0.7839
0.64612
0.80483
0.85704
0.7047
0.89248
0.88345
0.89891
0.87569
0.86521
0.8599
0.88434
0.81998
0.82555
0.85408
0.66915
0.87925
0.91272
0.91187
0.92626
1.0092
0.97854
0.96811
0.96279
0.92942
0.89553
0.6792
0.71941
0.84872
0.81087
0.83412
0.85602
0.84269
0.77737
0.8064
0.83276
0.84795
0.71381
0.82251
0.88672
0.89652
0.88841
0.87243
0.85447
0.86075
0.84754
0.85717
0.91013
0.67733
0.88822
0.88883
0.9076
0.88378
0.8948
0.94952
0.95012
0.96346
1.0151
1.0098
0.73145
1.0494
1.0157
1.0286
1.0093
1.0012
1.051
0.98214
0.99539
1.0139
0.97162
0.76837
1.0559
1.0759
1.053
1.1024
1.0729
1.0479
1.0237
1.0288
1.0138
1.0299
0.71758
1.0069
1.0263
0.93496
0.95425
0.9865
1.0521
1.026
1.0219
1.006
1.0145
0.66806
1.0374
1.0068
1
1.0133
0.95477
0.90768
0.99578
0.98586
1.0101
0.97752
0.53817
0.66765
0.96093
0.86564
0.64634
0.6434
0.58965
0.59371
0.62079
0.71991
0.69236
0.65321
0.64528
0.70018
0.67448
0.648
0.65107
0.59459
0.64745
0.61159
0.65929
0.65242
0.63741
0.68567
0.69403
0.69628
0.61006
0.63313
0.63487
0.55503
0.58733
0.67207
0.70564
0.63896
0.55674
0.69352
0.60431
0.59352
0.59303
0.64213
0.58518
0.58159
0.61605
0.57539
0.60869
0.61465
0.69979
0.59713
0.60716
0.61596
0.62646
0.59872
0.63097
0.63371
0.71261
0.68799
0.73343
0.7079
0.7101
0.72421
0.70527
0.67413
0.60064
0.59381
0.57273
0.64844
0.68391
0.68737
0.70578
0.74985
0.78495
0.76323
0.77718
0.71338
0.70652
0.72635
0.73751
0.73891
0.73838
0.7204
0.72131
0.72807
0.71563
0.72356
0.73376
0.71316
0.57153
0.76065
0.78225
0.75699
1.0168
0.9698
0.88276
0.90612
0.908
0.91449
0.92337
0.94882
0.93395
0.8954
0.92759
0.94134
0.99167
0.92598
0.92038
0.93271
0.97603
0.97712
0.95285
0.9825
0.95375
0.96178
1.0023
0.94333
0.98803
0.89756
1.0134
1.0132
0.96951
1.017
1.0161
1.0444
1.0702
1.0626
0.97825
1.0516
1.0377
1.0586
1.0712
1.0624
1.1093
1.1134
1.0991
1.0404
1.0886
0.98457
1.1043
1.0994
1.1095
1.0859
1.0689
1.095
1.0495
1.035
1.0474
1.1151
0.98761
1.2021
0.75349
0.86079
0.91552
0.89099
0.7275
0.75362
0.84413
0.84106
0.78335
0.92044
0.96836
0.89329
0.77935
0.7899
0.88755
0.81622
0.80618
0.83062
0.82317
0.83407
0.88585
0.88556
0.88046
0.87537
0.90342
0.86264
0.89421
0.81463
0.86809
0.89555
0.90872
0.88071
0.87293
0.99944
0.98821
0.98029
0.94551
0.97199
0.98373
0.94118
1.0049
1.0613
1.0016
0.95806
0.9724
1.0066
1.0076
0.9536
0.91156
0.98445
0.98571
1.1216
1.0949
1.0254
1.029
1.329
0.9138
0.86356
1.1604
0.84315
1.0063
1.177
0.85872
1.0932
1.4135
0.78825
0.82996
0.84675
0.81897
0.95112
0.8861
0.93207
0.9234
0.90261
1.075
0.8611
0.87165
0.82908
0.82092
0.77324
0.90977
0.92411
0.95851
1.0218
0.98469
1.0524
0.93462
0.95593
0.98437
0.99528
0.85398
0.82708
0.99106
0.82748
0.91118
0.95888
1.0051
0.99597
0.98196
0.94844
0.97142
1.0466
1.0557
1.0401
1.0067
0.99709
0.99459
1.0299
0.97171
0.99077
1.0327
1.0205
0.99193
0.96611
0.94082
0.9364
0.93104
0.91835
0.64797
0.77222
0.87888
0.86511
0.85886
0.85074
0.80016
0.79134
0.81735
0.80547
0.81399
0.80863
0.79248
0.7957
0.79292
0.77144
0.76818
0.71651
0.66653
0.7624
0.84069
0.83832
0.79244
0.88528
0.83816
0.91136
0.93073
0.93191
0.89326
0.86776
0.86556
0.86164
0.7803
0.76862
0.83053
0.78491
0.78043
0.85622
0.88093
0.88336
0.88909
0.88833
0.90052
0.93084
0.95887
0.58372
0.97743
0.87068
0.85965
0.92989
0.95574
1.009
1.0589
1.0444
1.0502
0.94556
0.69607
1.0448
1.0233
1.0312
1.0298
1.0238
0.93866
1.0214
0.91838
0.97388
0.95189
0.80947
0.94693
0.96786
1.049
1.0186
1.0903
0.99664
0.97346
0.91452
0.86469
0.94246
0.79353
0.83327
0.952
1.0001
1.03
1.0243
1.029
1.0147
0.98539
0.95223
0.93382
0.696
0.90902
0.69008
0.65714
0.69606
0.71592
0.72965
0.70588
0.691
0.65616
0.64066
0.68468
0.59961
0.54597
0.67198
0.59099
0.74926
0.63968
0.64687
0.63054
0.64856
0.68451
0.78468
0.68569
0.68851
0.81251
0.75851
0.71371
0.57017
0.65065
0.64444
0.67682
0.80838
0.8188
0.83661
0.78774
0.83704
0.70111
0.88206
0.77379
0.81576
0.79454
0.79902
0.83718
0.86269
0.78436
0.74084
0.8359
0.74881
0.71209
0.90122
0.90019
0.92303
0.86166
0.64417
0.79548
0.8032
0.70443
0.82411
0.66713
0.97053
0.95911
0.94473
0.97388
0.76048
0.75628
0.77056
0.75632
0.76906
0.70843
0.82217
0.86056
0.82412
0.78668
0.7864
0.76422
0.77515
0.77131
0.78643
0.77902
0.7729
0.71847
0.70198
0.76993
0.74288
0.8073
0.78979
0.81834
0.95659
0.91648
0.96337
0.64142
0.84687
0.71781
0.74666
0.78196
0.74781
0.69287
0.70664
0.70946
0.76573
0.77975
0.79086
0.80214
0.77527
0.78271
0.78816
0.79098
0.7966
0.79341
0.76415
0.82529
0.80104
0.80703
0.81949
0.83328
0.8335
0.84699
0.84329
0.83704
0.86806
0.83545
0.80708
0.83118
0.8485
0.59064
0.85349
0.8689
0.87004
0.84787
0.93477
0.92412
0.923
0.92218
0.90524
0.84603
0.62216
0.85712
0.85131
0.85305
0.85403
0.83679
0.77601
0.75318
0.85672
0.91303
0.88303
0.70189
0.9098
0.89844
0.87708
0.84949
0.83915
0.84012
0.83434
0.82674
0.86467
0.84947
0.71182
0.83693
0.83462
0.80864
0.81233
0.8183
0.81187
0.79854
0.85086
0.86215
0.85313
0.70898
0.84719
0.86158
0.86537
0.85788
0.8272
0.81421
0.80874
0.80406
0.79804
0.80871
0.71024
0.76507
0.71788
0.81868
0.89427
0.84949
0.86993
0.84646
0.83678
0.82077
0.84238
0.71502
0.83737
0.79543
0.73656
0.8603
0.85733
0.83497
0.84055
0.83679
0.84919
0.81299
0.69807
0.73599
0.79224
0.79354
0.77893
0.79259
0.82625
0.63175
0.74477
0.75036
0.76005
0.72847
0.71597
0.74071
0.76793
0.70572
0.69964
0.77678
0.70812
0.75426
0.75624
0.7448
0.74809
0.69654
0.66263
0.67259
0.72719
0.7457
0.77243
0.69329
0.70201
0.66672
0.57998
0.55831
0.47008
0.54219
0.58017
0.54147
0.56442
0.71369
0.61174
0.61923
0.57851
0.68559
0.69684
0.71461
0.70857
0.70196
0.69408
0.70673
0.72294
0.6864
0.67791
0.69656
0.65688
0.64663
0.70164
0.73923
0.7337
0.68274
0.64373
0.72534
0.71523
0.73294
0.76669
0.72871
0.72613
0.71935
0.72763
0.73224
0.73637
0.7531
0.8196
0.71817
0.67601
0.68123
0.72022
0.69042
0.67624
0.64988
0.6046
0.62794
0.64563
0.77602
0.65623
0.71196
0.6948
0.72508
0.72491
0.69334
0.6429
0.65029
0.60684
0.62445
0.64808
0.60933
0.66764
0.6612
0.69164
0.7492
0.72981
0.73562
0.74784
0.74508
0.7456
0.72825
0.61619
0.67889
0.70222
0.73824
0.72639
0.78298
0.80813
0.72011
0.70295
0.69956
0.69659
0.60873
0.68672
0.68549
0.68501
0.73131
0.78148
0.71971
0.80257
0.79271
0.79071
0.80769
0.63586
0.81068
0.77939
0.77019
0.77234
0.79839
0.75506
0.6843
0.743
0.80783
0.85767
0.64665
0.83
0.78707
0.83759
0.83053
0.8212
0.81435
0.80593
0.81205
0.8113
0.81548
0.66802
0.81502
0.80159
0.85231
0.83121
0.83531
0.79622
0.81501
0.83177
0.83597
0.8424
0.68246
0.81547
0.80078
0.79383
0.78294
0.78503
0.8114
0.80147
0.79176
0.80037
0.81272
0.67398
0.82541
0.82142
0.78647
0.7879
0.84202
0.82731
0.8271
0.83149
0.82709
0.81928
0.6551
0.80654
0.82688
0.83795
0.82765
0.77322
0.80487
0.8103
0.82149
0.82471
0.80912
0.60987
0.8411
0.8561
0.84907
0.8421
0.82817
0.84331
0.81785
0.8213
0.8481
0.83116
0.68804
0.63296
0.83275
0.85504
0.88107
0.82025
0.82547
0.76835
0.7825
0.82059
0.80017
0.69771
0.63712
0.67249
0.6517
0.64966
0.63527
0.63099
0.60435
0.62198
0.6296
0.68057
0.64524
0.64934
0.66014
0.66498
0.62312
0.60052
0.59333
0.66441
0.69246
0.6742
0.65675
0.64772
0.5758
0.65267
0.6427
0.65244
0.63811
0.63511
0.63726
0.63531
0.64081
0.61171
0.67195
0.6201
0.69325
0.72162
0.69559
0.72105
0.73392
0.71717
0.71564
0.70898
0.62738
0.68958
0.72413
0.72284
0.7203
0.69609
0.57996
0.69141
0.64915
0.63241
0.68997
0.62418
0.74118
0.7181
0.74376
0.7242
0.7057
0.71535
0.72411
0.72176
0.68181
0.62681
0.63229
0.63853
0.64503
0.63676
0.61009
0.63009
0.63567
0.64767
0.6501
0.69406
0.62517
0.59476
0.6443
0.65619
0.6461
0.64408
0.6967
0.69766
0.705
0.73087
0.72843
0.6685
0.70539
0.98568
0.76515
0.79535
0.73605
0.767
0.821
0.77838
0.75206
0.75774
0.66528
0.7425
1.0012
0.70047
0.63076
0.65405
0.61133
0.6511
0.73893
0.74602
0.71694
0.67991
0.67399
1.013
0.74839
0.69572
0.68125
0.67711
0.66444
0.72852
0.76136
0.78307
0.81061
0.8058
1.0046
0.77758
0.79018
0.75942
0.77656
0.68119
0.68809
0.71916
0.71992
0.71301
0.71854
1.0286
0.69175
0.76608
0.70974
0.721
0.75522
0.70834
0.76867
0.75012
0.76417
0.70164
0.98519
0.73781
0.77758
0.78529
0.82302
0.83473
0.85175
0.84192
0.83911
0.85
0.82335
0.92818
0.82938
0.83161
0.82439
0.77615
0.81037
0.80063
0.82516
0.83693
0.81671
0.87395
0.95677
0.86952
0.86693
0.85978
0.89083
0.89363
0.87683
0.81623
0.75451
0.77974
0.81684
0.79894
0.80988
0.79565
0.87136
0.87132
0.88292
0.86168
0.87211
0.90079
0.94015
0.90984
0.88338
0.93301
0.91764
0.93165
0.92091
0.9282
0.93179
0.91018
0.99273
0.9683
0.98312
0.72327
0.94457
1.0001
0.99853
1.0204
0.86953
0.91746
0.88869
0.98734
0.99247
1.0221
1.0341
0.71308
0.9994
0.95923
0.92049
0.92824
0.93948
0.89626
0.93306
0.87754
0.66761
0.69761
0.6909
0.61854
0.68993
0.68502
0.74707
0.75748
0.69557
0.70525
0.70629
0.80118
0.7976
0.78241
0.77841
0.77724
0.76929
0.75075
0.75678
0.67488
0.72784
0.70686
0.57597
0.53271
0.55511
0.58497
0.58223
0.6371
0.63932
0.63045
0.62884
0.65545
0.68073
0.67776
0.68319
0.68024
0.67732
0.70144
0.73016
0.70292
0.7075
0.66894
0.68909
0.67713
0.60411
0.74904
0.65918
0.69555
0.63564
0.69222
0.68978
0.69903
0.82569
0.78854
0.69228
0.57684
0.67632
0.60467
0.67282
0.70601
0.63781
0.71117
0.62423
0.8946
0.69698
0.6939
0.74643
0.82784
0.82771
0.8313
0.83405
0.88661
0.74474
0.74781
0.88705
0.75231
0.74447
0.74578
0.79088
0.79227
0.79366
0.7685
0.77171
0.75487
0.73971
0.72596
0.79388
0.83421
0.60464
0.90535
0.88135
0.87399
0.81643
0.90838
0.89812
0.93899
0.85076
0.80368
0.85957
1.027
1.0349
1.0677
1.0897
1.0607
1.0343
1.0882
1.1279
1.2122
0.80484
1.2178
1.2421
1.2408
1.2036
1.2563
1.2082
1.24
1.1649
1.2763
1.288
0.79212
1.2667
1.2622
1.2817
1.3171
1.2863
1.3254
1.3155
1.2537
1.1784
1.2435
0.79396
1.2917
1.2551
1.3316
1.2774
1.3171
1.3064
1.2911
1.2827
1.2728
1.2998
0.80341
1.2951
1.3184
1.3436
1.3126
1.2349
1.359
1.3518
1.3193
1.3018
1.2336
0.772
1.28
1.2502
1.3404
1.2991
1.2263
0.77791
0.80591
0.86588
0.85219
0.76999
0.79418
0.85144
0.76706
0.75483
0.78468
0.70191
0.80904
0.85933
0.84628
0.9109
0.77979
0.76401
0.80399
0.77691
0.83312
0.75698
0.72391
0.73412
0.74693
0.76655
0.87842
0.79104
0.77673
0.74151
0.74535
0.79058
0.75114
0.75188
0.74531
0.73918
0.77638
0.83339
0.77652
0.78106
0.81853
0.82543
0.80641
0.81684
0.84732
0.83582
0.86168
0.86068
0.74284
0.84236
0.81349
0.86737
0.90074
0.88796
0.86564
0.85732
0.86643
0.82496
0.85875
0.84797
0.94014
0.95498
0.94234
0.86652
0.89272
0.78781
0.84878
0.94155
0.8731
0.79733
0.76883
0.82826
0.7464
0.80169
0.82966
0.80432
0.71495
0.68584
0.68765
0.63847
0.6866
0.75933
0.73579
0.74777
0.73503
0.63657
0.83717
0.89761
0.87113
0.89158
0.88679
0.84378
0.81058
0.7577
0.71441
0.73309
0.81317
0.87886
0.86617
0.86475
0.86354
0.85663
0.84638
0.89819
0.75674
0.96702
0.95665
0.97553
0.97127
0.93062
0.95076
0.98023
0.96038
0.92421
0.94574
0.79673
0.92967
0.9075
0.92573
0.91697
0.90624
0.90979
0.91814
0.93211
0.92737
0.96115
0.79934
0.94529
0.9567
0.92849
0.92429
0.892
0.927
0.93603
0.88741
0.89941
0.94158
0.81202
0.92826
0.94535
0.93497
0.93177
0.92416
0.94992
0.92929
1.0157
1.0259
0.95369
0.87065
0.94455
0.94517
0.90411
1.009
1.0147
1.0072
0.99767
0.99945
0.91728
0.93729
0.85921
0.94447
0.97307
0.96198
0.96394
0.97471
0.96809
0.94709
0.97084
0.97397
0.92259
0.87139
1.015
0.95298
0.96402
0.969
0.89503
0.73033
0.72654
0.72075
0.87046
0.91626
0.85828
0.85917
0.74627
0.74765
0.73521
0.77692
0.84392
0.73278
0.69657
0.69111
0.73383
0.86687
0.82207
0.71231
0.67947
0.78422
0.75096
0.73735
0.76334
0.86926
0.84206
0.83838
0.81957
0.82974
0.78323
0.8084
0.85634
0.8616
0.77984
0.77353
0.85833
0.83651
0.81447
0.68877
0.70252
0.65544
0.67289
0.67768
0.84109
0.76406
0.75662
0.73893
0.69754
0.64387
0.63002
0.60022
0.62314
0.66591
0.68821
0.84105
0.68928
0.67377
0.67763
0.65282
0.65644
0.65505
0.65759
0.68309
0.69742
0.76407
0.80391
0.72809
0.74327
0.7355
0.7588
0.77562
0.77458
0.70244
0.65167
0.72278
0.72977
0.76093
0.7734
0.78339
0.75679
0.77543
0.76704
0.7385
0.7352
0.75132
0.75733
0.75248
0.79291
0.75252
0.73472
0.7401
0.74049
0.74674
0.75813
0.76307
0.79987
0.79001
0.7902
0.84899
0.80625
0.80117
0.78515
0.77358
0.78968
0.8015
0.79619
0.77415
0.78149
0.78201
0.83589
0.80741
0.81739
0.80991
0.83088
0.8185
0.82809
0.81832
0.79365
0.81931
0.8127
0.90392
0.83788
1.0829
1.0331
0.9629
0.80919
0.80841
0.70343
0.91415
0.9929
0.99103
0.78049
0.73525
0.82706
0.76535
0.86605
0.92768
0.94684
1.0259
1.1139
0.88662
0.91245
0.91688
0.7798
0.91825
0.93448
0.90584
0.88618
0.89854
0.93976
0.8633
0.78118
0.80046
0.84177
0.73736
0.85105
1.028
1.2363
1.2475
1.2438
1.0926
1.1319
1.1574
1.2148
1.2361
0.70435
1.2476
1.2215
1.2488
1.2118
1.1429
1.1288
1.1583
1.2013
1.2282
1.156
0.70594
1.205
1.2239
1.2066
1.0943
1.0605
1.0763
1.0533
1.1007
1.1166
1.1574
0.69796
1.1484
1.158
1.1646
1.1607
1.1605
1.0678
1.1213
1.1161
1.1405
1.1328
0.65986
0.76331
0.72343
0.72652
0.76604
0.76462
0.55458
0.47951
0.77298
0.57644
0.69652
0.62671
0.56027
0.57386
0.64862
0.71767
0.66591
0.6249
0.63782
1.0567
0.64711
0.60215
0.61674
0.63063
0.64501
0.66448
0.66397
0.74087
0.75914
0.78521
1.0302
0.76215
0.7924
0.773
0.75798
0.7834
0.73675
0.76548
0.70443
0.69564
0.692
0.63979
0.57417
0.58472
0.68614
0.71639
0.68418
0.65305
0.68579
0.64852
0.66517
0.74888
0.75467
0.74385
0.76116
0.72835
0.67163
0.69492
0.68578
0.66574
0.75527
0.79219
0.76789
0.89344
0.73235
0.66869
0.65599
0.72748
0.75006
0.74159
0.82443
0.85179
0.84969
0.84139
0.85166
0.76583
0.7572
0.75813
0.71736
0.73261
0.7322
0.72245
0.70804
0.80678
0.92158
0.71542
0.93868
0.82005
0.79882
0.74492
0.76848
0.839
0.83203
0.89244
0.90483
1.0576
0.75021
1.0305
0.67805
0.83152
0.91876
0.88368
1.0255
1.0151
0.98084
0.94323
0.93455
0.94319
0.97725
0.93865
0.94293
0.94382
0.98396
0.95257
0.9157
0.93228
0.9329
0.9345
0.93853
1.0772
0.99693
0.99377
0.99956
1.0289
1.0701
1.1159
1.1268
1.1344
1.1083
1.1119
1.0547
1.096
1.0984
1.0821
1.0782
1.0361
1.0051
1.0409
1.1534
1.1327
0.94524
1.0067
0.86124
0.92165
1.0694
1.0049
0.99459
0.96681
1.0648
1.0722
1.08
1.0757
0.8453
1.0297
1.0931
1.0452
0.76852
0.67017
0.67287
0.65988
0.64974
0.70581
0.69914
0.79519
0.79521
0.77437
0.72456
0.74234
0.72909
0.74117
0.7527
0.70681
0.73936
0.74565
0.94647
0.72405
0.74003
0.72272
0.71714
0.76215
0.74519
0.86042
0.85552
0.63855
0.82053
0.78025
0.85263
0.82384
0.78824
0.77592
0.71572
0.6472
0.72667
0.66789
0.87339
0.81399
0.79856
0.86898
0.75061
0.71029
0.76239
0.76422
0.84421
0.864
0.81817
0.84049
0.80876
0.77752
0.74492
0.70022
0.81342
0.79585
0.83687
0.78977
0.79083
0.85892
0.90919
0.82825
0.87172
0.85613
0.85364
0.88733
0.86037
0.83609
0.7481
0.64761
0.73843
0.80931
0.71765
0.73768
0.74782
0.72332
0.7486
0.69378
0.68943
0.67834
0.71938
0.82737
0.71308
0.90599
0.82255
0.96623
0.97997
0.97037
0.95995
1.0246
0.98573
0.94475
0.97486
0.79066
0.95396
0.97365
1.0204
1.0111
0.96288
0.89354
0.77888
0.79521
0.93279
0.90856
0.94236
0.94624
0.81974
0.88042
0.83095
0.82841
0.87203
0.91083
0.90546
0.89088
0.8329
0.7099
0.65802
0.65879
0.68118
0.67853
0.65849
0.58586
0.59753
0.68431
0.68476
0.68816
0.6946
0.70602
0.68748
0.68621
0.66781
0.6911
0.6822
0.67146
0.6757
0.71543
0.71074
0.71346
0.64652
0.68243
0.70082
0.70603
0.70894
0.71214
0.68947
0.68135
0.74689
0.72595
0.70832
0.6504
0.72117
0.73179
0.74257
0.69021
0.68159
0.66476
0.78537
0.77952
0.74013
0.85521
0.67229
0.87003
0.86772
0.88947
0.87754
0.86917
0.88423
0.88026
0.86181
0.86639
0.83158
0.68077
0.77306
0.77785
0.79532
0.79315
0.81533
0.82028
0.82741
0.85046
0.83623
0.83565
0.69244
0.83916
0.83327
0.79956
0.80943
0.80948
0.80301
0.81398
0.81986
0.83152
0.82623
0.6908
0.84439
0.85609
0.83405
0.8214
0.81755
0.80717
0.81804
0.84449
0.85047
0.86547
0.66598
0.89213
0.90626
0.90807
0.91181
0.87151
0.86615
0.86729
0.91128
0.90437
0.92087
0.68601
0.91263
0.9221
0.85406
0.84116
0.86197
0.81716
0.86245
0.87851
0.85863
0.89038
0.79469
0.63655
0.88379
0.78755
0.68205
0.67192
0.63235
0.69292
0.68969
0.64633
0.64924
0.70228
0.72547
0.64775
0.72682
0.65732
0.76543
0.73347
0.69128
0.68172
0.71213
0.70638
0.68992
0.73627
0.72875
0.72021
0.64814
0.66295
0.67826
0.66641
0.61909
0.65614
0.72727
0.67835
0.68499
0.65281
0.73486
0.65832
0.68085
0.64902
0.63053
0.64554
0.6467
0.67452
0.67263
0.65774
0.6588
0.74278
0.66435
0.66961
0.67186
0.6915
0.68369
0.69603
0.69429
0.70687
0.72099
0.72101
0.74602
0.7096
0.68431
0.60191
0.65767
0.62749
0.67039
0.69669
0.71192
0.67282
0.68529
0.7201
0.72246
0.72424
0.73881
0.68281
0.76622
0.73411
0.71337
0.77358
0.76948
0.75688
0.69108
0.67548
0.68657
0.65755
0.66696
0.67613
0.64994
0.63867
0.67613
0.67097
0.6837
0.56126
0.66109
0.62054
0.63143
0.60381
0.62217
0.51793
0.60239
0.62655
0.63024
0.6304
0.63374
0.67902
0.63161
0.61528
0.62068
0.61822
0.61662
0.61253
0.61667
0.60793
0.61996
0.61119
0.68254
0.60566
0.61151
0.60503
0.61094
0.60827
0.55228
0.65183
0.6938
0.71709
0.67114
0.69895
0.59213
0.61615
0.59327
0.62928
0.64275
0.5934
0.57891
0.61773
0.63796
0.63745
0.68646
0.64073
0.65562
0.65602
0.62558
0.58968
0.62696
0.64375
0.67393
0.60539
0.65227
0.6925
0.61973
0.64296
0.63309
0.66265
0.68003
0.69191
0.56905
0.71163
0.7949
0.81227
0.66271
0.82523
0.8281
0.83825
0.8417
0.84824
0.84883
0.83502
0.81733
0.81913
0.83251
0.71407
0.84363
0.82315
0.83376
0.86189
0.86433
0.85838
0.85332
0.85762
0.86844
0.81273
0.71352
0.84461
0.86488
0.84911
0.84514
0.77732
0.85288
0.86974
0.87727
0.87917
0.86048
0.71218
0.84399
0.85053
0.8534
0.83973
0.82358
0.85204
0.84889
0.86955
0.86963
0.83789
0.57985
0.71936
0.82798
0.6884
0.71714
0.8423
0.85397
0.85083
0.84946
0.84872
0.84114
0.85147
0.72105
0.83952
0.81848
0.84647
0.84793
0.83969
0.79734
0.64138
0.73622
0.79675
0.8281
0.70086
0.84297
0.82072
0.87935
0.85298
0.88078
0.8614
0.86765
0.76899
0.88408
0.87406
0.64659
0.87709
0.85394
0.57212
0.7091
0.75603
0.72084
0.68205
0.73283
0.73741
0.50579
0.71865
0.69783
0.72961
0.71875
0.64285
0.63213
0.67049
0.61625
0.60331
0.63221
0.60562
0.62645
0.57626
0.63925
0.64837
0.67241
0.66801
0.57807
0.53828
0.5591
0.60501
0.64727
0.63655
0.58921
0.59079
0.63443
0.59015
0.61179
0.62478
0.64069
0.56895
0.65924
0.61374
0.60894
0.62209
0.68469
0.64181
0.59042
0.6171
0.60137
0.60109
0.60907
0.63526
0.56455
0.60627
0.55814
0.59918
0.66633
0.69377
0.67025
0.58351
0.62158
0.5584
0.56056
0.65044
0.62808
0.5862
0.55576
0.54682
0.63159
0.63085
0.63048
0.63422
0.62847
0.63888
0.68693
0.62778
0.63045
0.62262
0.62807
0.6383
0.63646
0.63452
0.63728
0.63627
0.64486
0.65045
0.67622
0.65175
0.6632
0.65256
0.64496
0.65577
0.6708
0.67889
0.68315
0.67047
0.63628
0.64785
0.59629
0.59268
0.67922
0.69175
0.63305
0.62226
0.64562
0.64443
0.66935
0.67908
0.78488
0.69117
0.70699
0.69491
0.69826
0.71732
0.68054
0.73087
0.71627
0.72354
0.73708
0.76334
0.70252
0.70459
0.69259
0.64984
0.64547
0.65422
0.62387
0.59306
0.60349
0.57844
0.75525
0.58658
0.63359
0.65905
0.65
0.74667
0.75109
0.76571
0.76794
0.73284
0.79849
0.75935
0.84972
0.81663
0.83169
0.85623
0.83008
0.85202
0.80231
0.86362
0.84905
0.79598
0.71515
0.75352
0.72771
0.7357
0.70949
0.72767
0.70242
0.75814
0.78844
0.74902
0.72222
0.70966
0.75104
0.75383
0.7849
0.77559
0.79001
0.78792
0.78162
0.7787
0.84184
0.81864
0.80114
0.77459
0.77232
0.76971
0.7674
0.78361
0.79165
0.824
0.80199
0.81495
0.81487
0.67917
0.79744
0.86417
0.82389
0.82065
0.83796
0.86042
0.9059
0.87601
0.90106
0.8622
0.69964
0.71373
0.87136
0.87055
0.89488
0.91121
0.89641
0.80563
0.7747
0.75125
0.75424
0.75695
0.76394
0.69361
0.68029
0.7275
0.68067
0.59143
0.7268
0.73016
0.72057
0.70248
0.70293
0.67405
0.70039
0.71808
0.74361
0.74846
0.70437
0.71025
0.71895
0.70128
0.64143
0.65905
0.74291
0.70043
0.72739
0.74914
0.73329
0.76105
0.7579
0.75317
0.7726
0.73323
0.74336
0.70705
0.71905
0.70486
0.66046
0.57515
0.79364
0.69859
0.73985
0.76103
0.66827
0.68082
0.66849
0.80787
0.9052
0.95875
0.92605
0.70032
0.87048
0.95221
0.79416
0.6694
0.67495
0.77494
0.75721
0.79085
0.80026
0.80625
0.64169
0.77319
0.79324
0.79011
0.78078
0.76578
0.79782
0.70087
0.64404
0.6771
0.6979
0.71074
0.69727
0.65298
0.63339
0.63013
0.69438
0.71212
0.65528
0.56529
0.56324
0.61021
0.64804
0.67865
0.73995
0.73045
0.6966
0.69779
0.73337
0.69442
0.71632
0.74679
0.70637
0.70473
0.67587
0.65117
0.64964
0.69393
0.77293
0.82762
0.84115
0.76574
0.79632
0.78491
0.65194
0.62774
0.671
0.68222
0.65815
0.69456
0.73552
0.77064
0.77397
0.77656
0.72884
0.67218
0.61485
0.73777
0.82744
0.83524
0.83823
0.82275
0.82742
0.8095
0.84471
0.83982
0.84385
0.64207
0.85303
0.85181
0.84955
0.86042
0.8502
0.84304
0.86645
0.86868
0.85947
0.87253
0.63006
0.84387
0.83678
0.83038
0.8541
0.8455
0.87306
0.87326
0.85912
0.87366
0.8912
0.66048
0.89106
0.89217
0.76998
0.7634
0.84453
0.91676
0.94338
0.94289
0.96329
0.90368
0.66567
0.89794
0.89537
0.8616
0.87209
0.91744
0.91709
0.92553
0.91321
0.93203
0.92399
0.65679
0.90697
0.89275
0.90802
0.85784
0.87941
0.88045
0.8808
0.8718
0.88356
0.85463
0.63997
0.82228
0.82988
0.76431
0.79897
0.78944
0.74993
0.71687
0.68307
0.61649
0.65297
0.64853
0.66234
0.65725
0.62808
0.57342
0.61489
0.57708
0.60349
0.83224
0.57511
0.62282
0.66272
0.6481
0.62601
0.64325
0.64061
0.64304
0.64714
0.60874
0.73939
0.62927
0.62642
0.61254
0.63672
0.62293
0.63643
0.62806
0.65205
0.63744
0.62954
0.67479
0.63768
0.63265
0.65046
0.67496
0.65209
0.6261
0.67551
0.69604
0.70068
0.67985
0.68281
0.66937
0.66495
0.67148
0.6859
0.69711
0.68628
0.68359
0.7128
0.69103
0.67111
0.66297
0.69432
0.68846
0.70186
0.65519
0.63726
0.64641
0.65931
0.63861
0.65862
0.72506
0.67678
0.70008
0.72455
0.73086
0.66256
0.69089
0.65204
0.65393
0.6631
0.69888
0.73301
0.67116
0.75244
0.71071
0.70393
0.75952
0.66281
0.67776
0.68143
0.78467
0.74316
0.71403
0.62635
0.7776
0.82148
0.84749
0.98386
0.97094
0.94285
0.94811
0.95514
0.95438
0.95046
0.95041
0.7539
0.94912
0.9181
0.87798
0.90643
0.89958
0.88584
0.88567
0.93777
0.96771
0.96464
0.72245
0.97139
0.97059
0.95202
0.89582
0.90278
0.88048
0.88567
0.86475
0.85277
0.88064
0.69781
0.88307
0.88378
0.8677
0.82732
0.86636
0.83631
0.85984
0.86778
0.90065
0.89828
0.69892
0.90501
0.91225
0.89539
0.90512
0.90077
0.87829
0.87919
0.88855
0.87241
0.8378
0.7582
0.8303
0.86885
0.8669
0.82531
0.80164
0.81806
0.87355
0.89375
0.82738
0.82391
0.74121
0.82336
0.81658
0.82881
0.81008
0.78673
0.74051
0.72527
0.74938
0.77995
0.74633
0.77516
0.74688
0.72993
0.80111
0.78541
0.73833
0.83214
0.82709
0.76386
0.75159
0.7212
0.84461
0.83207
0.81685
0.82986
0.81485
0.81672
0.79387
0.79058
0.76101
0.79207
0.78256
0.77195
0.75202
0.76449
0.79039
0.85994
0.79371
0.79284
0.79045
0.74644
0.76511
0.74819
0.74486
0.76945
0.78367
0.69594
0.72162
0.72988
0.77554
0.80325
0.74945
0.78354
0.76796
0.79487
0.8317
0.79545
0.82512
0.87971
0.8844
0.90089
0.88477
0.78052
0.94972
0.94747
0.93228
0.93159
0.89596
0.9109
0.86499
0.8026
0.73288
0.81813
0.77188
0.93224
0.94167
0.93715
0.94563
0.98231
0.97133
0.98078
0.96602
0.97008
0.91551
0.75923
1.009
1.0114
0.87704
0.95553
0.98712
0.95786
1.0198
1.0253
0.95892
0.93987
0.88876
0.83874
1.1716
1.1902
1.18
1.2272
1.1062
1.0692
1.0842
1.1089
1.116
1.0588
0.88013
1.0631
0.94384
0.99678
0.97751
0.96176
0.95193
0.97287
1.0019
1.0016
0.96941
0.88713
1.0614
1.0825
1.0645
1.0367
1.0305
0.93359
0.99947
1.0061
1.0049
0.98994
0.88003
1.0413
0.98614
1.0071
0.9582
1.0077
1.0824
0.96333
0.99045
1.0011
0.88776
0.83511
0.97346
1.0165
0.96093
0.93853
0.97534
0.98935
0.99845
0.92813
0.94937
0.96314
0.84937
0.93244
0.94584
0.9138
0.81607
0.75003
0.76682
0.86012
0.79474
0.8131
0.93018
0.90536
0.81801
0.865
0.83383
0.82937
0.82083
0.77301
0.90429
0.84175
0.82895
0.84191
0.90556
0.93124
0.91368
0.91161
0.90798
0.9265
0.88569
0.86057
0.86379
0.92064
0.96237
0.96274
0.98983
1.0053
0.93539
0.9197
0.98097
1.0211
0.89148
1.0987
1.0969
0.99297
0.96149
1.0156
0.95433
0.92903
0.81766
0.87248
0.96659
0.92233
0.99604
0.97791
0.95412
1.0148
1.0158
0.98793
0.9011
0.97067
0.90511
0.93363
0.8843
0.9552
0.92478
0.88442
0.92652
0.97446
0.94189
0.94935
1.0149
0.95415
0.95727
0.75556
0.93347
0.91618
0.93247
0.92629
0.99334
0.91619
1.0389
1.0419
1.0435
1.0039
0.81592
1.0349
1.064
1.0918
1.0708
1.0982
1.0332
1.008
1.068
1.1072
1.0984
0.6146
0.69951
0.87955
0.84942
0.77524
0.77061
0.79251
0.79573
0.79934
0.76758
0.75826
0.85578
0.66269
0.79974
0.79358
0.80504
0.81468
0.86871
0.81618
0.78247
0.74015
0.74272
0.73441
0.634
0.72134
0.70492
0.7306
0.74609
0.76641
0.7675
0.72903
0.70972
0.76195
0.88514
0.67076
0.81693
0.92086
0.88611
0.85202
0.8296
0.80565
0.79205
0.78228
0.77727
0.76695
0.62831
0.7595
0.7522
0.74483
0.73597
0.72616
0.74645
0.77283
0.76513
0.7865
0.80365
0.71679
0.78439
0.77287
0.83696
0.83693
0.84877
0.87647
0.91339
0.89082
0.87242
0.7683
0.74043
0.81633
0.82726
0.80562
0.81148
0.81397
0.81296
0.8139
0.7987
0.8171
0.76248
0.77317
0.74168
0.80342
0.76906
0.74807
0.78319
0.80456
0.79638
0.82087
0.81212
0.78303
0.76225
0.80554
0.87493
0.8915
0.89036
0.89965
0.89588
0.85993
0.8422
0.9426
0.91945
0.77467
0.91986
0.90655
0.88146
0.85723
0.71825
0.64787
0.72581
0.81878
0.71768
0.71879
0.74718
0.62876
0.66342
0.65296
0.6584
0.69374
0.66717
0.70856
0.69898
0.67149
0.74843
0.69804
0.67475
0.62516
0.65072
0.658
0.61331
0.66281
0.64777
0.64316
0.69099
0.72143
0.63837
0.64653
0.65352
0.6719
0.70998
0.6771
0.67683
0.63881
0.6468
0.66525
0.69686
0.64067
0.6214
0.61898
0.6234
0.66927
0.67438
0.63203
0.64529
0.61916
0.63704
0.66642
0.63541
0.69386
0.72073
0.71006
0.66335
0.7292
0.62114
0.70151
0.72304
0.7054
0.65234
0.68773
0.67936
0.62947
0.6464
0.6686
0.70007
0.64783
0.68275
0.69108
0.71638
0.72011
0.69117
0.69452
0.68178
0.63764
0.68802
0.70431
0.68979
0.70596
0.70776
0.75616
0.7813
0.79617
0.78058
0.76834
0.75761
0.72561
0.76884
0.54849
0.44034
0.63337
0.61804
0.62524
0.62848
0.64802
0.65788
0.65927
0.62839
0.61838
0.69153
0.45724
0.63364
0.63888
0.63731
0.6201
0.68376
0.69281
0.71236
0.727
0.73581
0.67265
0.49156
0.61825
0.66222
0.63831
0.67235
0.672
0.64969
0.67913
0.68377
0.67855
0.62601
0.44181
0.65161
0.65851
0.63772
0.65828
0.75154
0.7769
0.79586
0.77096
0.74052
0.73084
0.63622
0.78317
0.71783
0.72366
0.77622
0.81197
0.81896
0.82033
0.8217
0.81521
0.79699
0.53245
0.80159
0.80975
0.80785
0.76954
0.76148
0.79162
0.79416
0.78154
0.77592
0.76261
0.55558
0.72992
0.75766
0.84183
0.8326
0.81922
0.81086
0.83617
0.80692
0.82002
0.81888
0.5623
0.82021
0.82389
0.83726
0.84234
0.88224
0.83934
0.87097
0.89501
0.90518
0.90326
0.48013
0.90112
0.88757
0.90036
0.86114
0.87292
0.90513
0.86992
0.86559
0.87389
0.87484
0.52368
0.89934
0.8893
0.89565
0.89751
0.87544
0.85834
0.8707
0.82437
0.86685
0.91717
0.57596
0.53962
0.90064
0.88819
0.88347
0.86472
0.88309
0.88504
0.86918
0.87919
0.87179
0.8935
0.54298
0.88382
0.89982
0.8375
0.83479
0.83373
0.80396
0.7951
0.71012
0.68154
0.65173
0.53414
0.54118
0.54212
0.54161
0.54417
0.55428
0.55184
0.54984
0.56879
0.55401
0.52492
0.56088
0.53765
0.54783
0.56267
0.56262
0.54632
0.55704
0.59339
0.57535
0.62399
0.59857
0.61276
0.58363
0.59336
0.61391
0.60743
0.57204
0.58459
0.58862
0.56413
0.59322
0.58922
0.5919
0.58494
0.57981
0.57989
0.57828
0.57956
0.57453
0.57744
0.55634
0.5785
0.57042
0.62341
0.5893
0.63321
0.64161
0.64988
0.6185
0.62039
0.61428
0.56049
0.67327
0.64542
0.64239
0.69203
0.6819
0.67661
0.67219
0.60108
0.66991
0.67595
0.54461
0.6411
0.63722
0.57308
0.64871
0.64037
0.65062
0.64327
0.63606
0.60024
0.61998
0.4623
0.60299
0.61892
0.63706
0.66637
0.63446
0.62856
0.67542
0.67158
0.64363
0.6754
